1000
6 6 11 7 10 8 9 6 11 7 12 8 12 
6 6 10 7 10 8 9 6 11 7 12 8 12 
12 6 11 7 10 8 10 6 10 7 11 8 11 6 10 7 11 8 10 6 12 7 12 8 12 
6 6 11 7 9 8 10 6 12 7 12 8 12 
6 6 11 7 10 8 12 6 12 7 12 8 12 
6 6 11 7 10 8 9 6 11 7 12 8 12 
24 6 11 7 11 8 10 6 10 7 10 8 9 6 11 7 10 8 10 6 10 7 11 8 9 6 10 7 10 8 10 6 11 7 9 8 9 6 9 7 10 8 9 6 12 7 12 8 12 
15 6 11 7 10 8 11 6 10 7 10 8 10 6 11 7 11 8 9 6 10 7 11 8 10 6 9 7 9 8 12 
18 6 11 7 10 8 11 6 11 7 9 8 10 6 9 7 9 8 10 6 10 7 10 8 9 6 10 7 9 8 9 6 12 7 12 8 12 
9 6 11 7 11 8 11 6 9 7 9 8 12 6 12 7 12 8 12 
9 6 11 7 11 8 11 6 11 7 10 8 9 6 11 7 12 8 12 
9 6 10 7 10 8 11 6 11 7 9 8 10 6 11 7 12 8 12 
18 6 11 7 10 8 10 6 9 7 11 8 10 6 11 7 10 8 11 6 11 7 10 8 10 6 9 7 9 8 12 6 12 7 12 8 12 
6 6 10 7 11 8 9 6 12 7 12 8 12 
12 6 11 7 10 8 11 6 11 7 10 8 10 6 10 7 10 8 9 6 9 7 9 8 12 
21 6 11 7 11 8 9 6 10 7 10 8 11 6 11 7 10 8 10 6 10 7 10 8 10 6 10 7 9 8 11 6 9 7 9 8 9 6 12 7 12 8 12 
15 6 11 7 9 8 9 6 9 7 10 8 9 6 9 7 9 8 9 6 10 7 9 8 9 6 12 7 12 8 12 
42 6 11 7 9 8 9 6 11 7 10 8 11 6 10 7 11 8 9 6 11 7 10 8 11 6 11 7 11 8 11 6 11 7 9 8 9 6 10 7 10 8 11 6 11 7 11 8 10 6 11 7 9 8 11 6 10 7 10 8 9 6 10 7 11 8 9 6 9 7 10 8 11 6 10 7 10 8 10 6 11 7 12 8 12 
12 6 10 7 11 8 11 6 10 7 9 8 9 6 10 7 10 8 9 6 12 7 12 8 12 
6 6 10 7 11 8 10 6 11 7 12 8 12 
18 6 11 7 10 8 9 6 9 7 10 8 11 6 10 7 10 8 9 6 9 7 10 8 10 6 10 7 10 8 10 6 9 7 12 8 12 
30 6 10 7 10 8 11 6 11 7 10 8 10 6 9 7 10 8 9 6 9 7 10 8 9 6 10 7 11 8 9 6 10 7 9 8 11 6 11 7 9 8 10 6 11 7 10 8 9 6 11 7 11 8 10 6 9 7 12 8 12 
6 6 10 7 10 8 9 6 11 7 12 8 12 
12 6 11 7 9 8 10 6 9 7 10 8 9 6 9 7 11 8 9 6 10 7 9 8 12 
6 6 10 7 11 8 9 6 11 7 12 8 12 
6 6 11 7 9 8 10 6 12 7 12 8 12 
6 6 10 7 9 8 10 6 10 7 9 8 12 
6 6 11 7 10 8 10 6 9 7 9 8 12 
18 6 11 7 10 8 10 6 10 7 9 8 11 6 10 7 10 8 11 6 11 7 11 8 9 6 11 7 11 8 9 6 9 7 9 8 12 
6 6 10 7 9 8 12 6 12 7 12 8 12 
15 6 10 7 11 8 9 6 11 7 10 8 11 6 10 7 9 8 9 6 9 7 9 8 9 6 11 7 12 8 12 
15 6 11 7 10 8 10 6 11 7 10 8 11 6 10 7 10 8 9 6 9 7 9 8 9 6 11 7 12 8 12 
12 6 11 7 10 8 11 6 9 7 9 8 9 6 9 7 9 8 12 6 12 7 12 8 12 
9 6 11 7 10 8 9 6 10 7 10 8 9 6 12 7 12 8 12 
6 6 11 7 10 8 9 6 12 7 12 8 12 
9 6 11 7 10 8 10 6 10 7 9 8 12 6 12 7 12 8 12 
9 6 11 7 11 8 9 6 9 7 10 8 10 6 10 7 12 8 12 
9 6 10 7 10 8 11 6 11 7 11 8 9 6 10 7 12 8 12 
45 6 11 7 10 8 11 6 10 7 10 8 11 6 10 7 10 8 9 6 10 7 9 8 9 6 10 7 9 8 9 6 10 7 10 8 10 6 11 7 9 8 11 6 10 7 10 8 11 6 10 7 9 8 11 6 11 7 10 8 11 6 10 7 10 8 9 6 10 7 10 8 10 6 9 7 10 8 11 6 10 7 10 8 9 6 12 7 12 8 12 
15 6 10 7 10 8 11 6 11 7 10 8 11 6 10 7 10 8 10 6 10 7 11 8 10 6 12 7 12 8 12 
6 6 11 7 10 8 11 6 9 7 9 8 12 
33 6 11 7 10 8 11 6 10 7 10 8 10 6 9 7 10 8 11 6 10 7 10 8 11 6 10 7 10 8 9 6 10 7 10 8 9 6 11 7 10 8 10 6 9 7 9 8 10 6 10 7 11 8 9 6 10 7 10 8 10 6 10 7 12 8 12 
6 6 10 7 11 8 10 6 10 7 9 8 12 
21 6 11 7 11 8 9 6 9 7 9 8 9 6 9 7 10 8 11 6 10 7 9 8 11 6 10 7 11 8 11 6 10 7 9 8 9 6 9 7 12 8 12 
6 6 10 7 10 8 10 6 10 7 12 8 12 
18 6 11 7 10 8 10 6 9 7 9 8 10 6 11 7 11 8 10 6 11 7 10 8 11 6 9 7 10 8 10 6 11 7 12 8 12 
6 6 11 7 11 8 10 6 10 7 9 8 12 
9 6 11 7 10 8 11 6 9 7 9 8 9 6 12 7 12 8 12 
36 6 10 7 10 8 10 6 11 7 11 8 11 6 11 7 11 8 11 6 11 7 9 8 9 6 11 7 10 8 11 6 9 7 10 8 10 6 11 7 9 8 9 6 10 7 9 8 10 6 10 7 10 8 11 6 11 7 9 8 11 6 9 7 9 8 12 6 12 7 12 8 12 
9 6 11 7 11 8 11 6 10 7 9 8 12 6 12 7 12 8 12 
6 6 11 7 9 8 9 6 12 7 12 8 12 
6 6 10 7 10 8 11 6 9 7 9 8 12 
21 6 11 7 9 8 10 6 9 7 10 8 11 6 10 7 10 8 11 6 10 7 9 8 10 6 10 7 10 8 11 6 10 7 10 8 9 6 12 7 12 8 12 
6 6 11 7 10 8 10 6 10 7 9 8 12 
9 6 11 7 10 8 11 6 10 7 10 8 9 6 12 7 12 8 12 
6 6 10 7 10 8 12 6 12 7 12 8 12 
9 6 10 7 11 8 11 6 10 7 10 8 12 6 12 7 12 8 12 
6 6 11 7 9 8 9 6 10 7 12 8 12 
12 6 10 7 11 8 11 6 11 7 11 8 11 6 10 7 11 8 11 6 9 7 9 8 12 
6 6 11 7 9 8 12 6 12 7 12 8 12 
15 6 10 7 10 8 10 6 9 7 10 8 10 6 11 7 10 8 9 6 9 7 9 8 12 6 12 7 12 8 12 
21 6 10 7 11 8 10 6 9 7 9 8 10 6 11 7 9 8 11 6 10 7 11 8 11 6 11 7 10 8 9 6 9 7 10 8 10 6 11 7 12 8 12 
6 6 10 7 9 8 12 6 12 7 12 8 12 
15 6 11 7 9 8 9 6 9 7 9 8 10 6 10 7 11 8 11 6 10 7 9 8 9 6 9 7 12 8 12 
9 6 11 7 9 8 10 6 9 7 10 8 9 6 11 7 12 8 12 
15 6 11 7 11 8 9 6 10 7 10 8 9 6 9 7 10 8 11 6 10 7 10 8 9 6 12 7 12 8 12 
12 6 11 7 9 8 10 6 11 7 11 8 9 6 11 7 9 8 12 6 12 7 12 8 12 
15 6 10 7 10 8 10 6 9 7 10 8 11 6 10 7 11 8 10 6 11 7 11 8 9 6 11 7 12 8 12 
27 6 11 7 10 8 11 6 9 7 10 8 10 6 10 7 10 8 10 6 10 7 10 8 11 6 10 7 9 8 11 6 9 7 10 8 9 6 9 7 9 8 10 6 9 7 10 8 9 6 12 7 12 8 12 
6 6 11 7 9 8 12 6 12 7 12 8 12 
6 6 11 7 10 8 9 6 12 7 12 8 12 
9 6 10 7 11 8 9 6 9 7 11 8 10 6 10 7 9 8 12 
6 6 11 7 11 8 9 6 9 7 9 8 12 
12 6 11 7 10 8 9 6 9 7 10 8 9 6 9 7 9 8 9 6 12 7 12 8 12 
6 6 11 7 10 8 12 6 12 7 12 8 12 
12 6 11 7 10 8 11 6 11 7 11 8 11 6 11 7 10 8 9 6 12 7 12 8 12 
18 6 11 7 10 8 9 6 9 7 9 8 10 6 11 7 11 8 10 6 9 7 10 8 11 6 9 7 10 8 12 6 12 7 12 8 12 
15 6 11 7 10 8 10 6 10 7 9 8 10 6 11 7 10 8 11 6 10 7 9 8 9 6 11 7 12 8 12 
24 6 10 7 9 8 9 6 9 7 9 8 11 6 11 7 10 8 9 6 9 7 10 8 9 6 9 7 10 8 9 6 9 7 10 8 11 6 11 7 9 8 9 6 12 7 12 8 12 
12 6 11 7 11 8 11 6 9 7 10 8 11 6 11 7 10 8 10 6 12 7 12 8 12 
6 6 11 7 10 8 9 6 12 7 12 8 12 
15 6 11 7 11 8 10 6 11 7 9 8 9 6 10 7 10 8 11 6 11 7 10 8 9 6 9 7 12 8 12 
6 6 11 7 9 8 10 6 11 7 12 8 12 
9 6 10 7 10 8 11 6 10 7 10 8 11 6 9 7 9 8 12 
9 6 11 7 9 8 10 6 11 7 10 8 9 6 11 7 12 8 12 
15 6 11 7 9 8 11 6 10 7 11 8 10 6 10 7 10 8 10 6 10 7 9 8 9 6 12 7 12 8 12 
6 6 11 7 10 8 10 6 10 7 12 8 12 
12 6 10 7 9 8 10 6 11 7 11 8 11 6 9 7 10 8 9 6 9 7 12 8 12 
12 6 11 7 10 8 11 6 11 7 9 8 11 6 10 7 10 8 11 6 9 7 9 8 12 
27 6 11 7 11 8 9 6 10 7 9 8 9 6 10 7 9 8 10 6 10 7 10 8 10 6 10 7 9 8 11 6 11 7 10 8 10 6 11 7 10 8 11 6 11 7 10 8 11 6 10 7 12 8 12 
9 6 10 7 9 8 10 6 11 7 9 8 12 6 12 7 12 8 12 
9 6 10 7 10 8 9 6 9 7 9 8 12 6 12 7 12 8 12 
12 6 10 7 11 8 11 6 9 7 9 8 10 6 10 7 10 8 9 6 12 7 12 8 12 
9 6 10 7 10 8 11 6 10 7 11 8 9 6 9 7 9 8 12 
18 6 11 7 9 8 9 6 10 7 10 8 11 6 11 7 11 8 11 6 10 7 10 8 11 6 9 7 11 8 11 6 9 7 12 8 12 
21 6 11 7 10 8 10 6 10 7 10 8 9 6 10 7 10 8 9 6 10 7 11 8 11 6 10 7 10 8 10 6 10 7 9 8 10 6 11 7 12 8 12 
18 6 11 7 9 8 9 6 11 7 10 8 10 6 10 7 9 8 9 6 10 7 9 8 9 6 10 7 10 8 12 6 12 7 12 8 12 
6 6 11 7 10 8 10 6 9 7 12 8 12 
12 6 11 7 9 8 9 6 9 7 10 8 9 6 10 7 9 8 9 6 12 7 12 8 12 
9 6 10 7 10 8 9 6 9 7 10 8 9 6 12 7 12 8 12 
12 6 11 7 10 8 11 6 9 7 9 8 10 6 9 7 9 8 12 6 12 7 12 8 12 
24 6 10 7 10 8 9 6 11 7 11 8 10 6 10 7 10 8 9 6 10 7 10 8 10 6 11 7 10 8 9 6 11 7 11 8 9 6 9 7 9 8 9 6 12 7 12 8 12 
24 6 11 7 11 8 11 6 10 7 11 8 10 6 11 7 10 8 11 6 10 7 10 8 11 6 11 7 9 8 10 6 9 7 9 8 10 6 11 7 10 8 9 6 12 7 12 8 12 
18 6 11 7 10 8 10 6 11 7 10 8 11 6 10 7 10 8 9 6 10 7 11 8 10 6 10 7 9 8 9 6 9 7 9 8 12 
6 6 11 7 10 8 9 6 10 7 12 8 12 
9 6 10 7 9 8 10 6 10 7 10 8 9 6 12 7 12 8 12 
6 6 10 7 10 8 9 6 11 7 12 8 12 
9 6 11 7 11 8 9 6 11 7 9 8 9 6 12 7 12 8 12 
9 6 11 7 10 8 11 6 10 7 10 8 12 6 12 7 12 8 12 
24 6 10 7 10 8 11 6 10 7 11 8 9 6 11 7 10 8 10 6 10 7 11 8 9 6 9 7 10 8 11 6 10 7 10 8 10 6 11 7 9 8 12 6 12 7 12 8 12 
36 6 10 7 11 8 11 6 9 7 11 8 10 6 10 7 9 8 9 6 11 7 11 8 9 6 10 7 10 8 11 6 11 7 10 8 9 6 11 7 10 8 10 6 9 7 10 8 11 6 11 7 10 8 10 6 9 7 10 8 10 6 9 7 9 8 9 6 12 7 12 8 12 
12 6 10 7 10 8 9 6 10 7 11 8 11 6 11 7 10 8 10 6 11 7 12 8 12 
18 6 11 7 11 8 10 6 11 7 10 8 9 6 10 7 9 8 9 6 10 7 10 8 11 6 11 7 9 8 10 6 9 7 9 8 12 
6 6 11 7 10 8 9 6 9 7 9 8 12 
15 6 11 7 10 8 9 6 11 7 10 8 10 6 11 7 9 8 11 6 9 7 9 8 9 6 12 7 12 8 12 
27 6 11 7 10 8 10 6 11 7 11 8 11 6 10 7 9 8 9 6 9 7 9 8 11 6 11 7 10 8 9 6 9 7 10 8 10 6 11 7 11 8 11 6 11 7 9 8 9 6 12 7 12 8 12 
18 6 11 7 9 8 11 6 9 7 9 8 11 6 11 7 10 8 11 6 10 7 9 8 10 6 9 7 9 8 9 6 10 7 9 8 12 
15 6 10 7 9 8 9 6 11 7 10 8 11 6 10 7 10 8 10 6 10 7 11 8 11 6 9 7 9 8 12 
9 6 11 7 11 8 11 6 9 7 9 8 12 6 12 7 12 8 12 
12 6 10 7 10 8 11 6 9 7 10 8 10 6 10 7 9 8 10 6 9 7 9 8 12 
15 6 11 7 10 8 9 6 9 7 10 8 9 6 9 7 10 8 10 6 10 7 10 8 9 6 11 7 12 8 12 
21 6 10 7 9 8 10 6 11 7 9 8 9 6 10 7 11 8 9 6 9 7 9 8 10 6 10 7 10 8 9 6 10 7 9 8 9 6 12 7 12 8 12 
30 6 11 7 10 8 11 6 9 7 10 8 11 6 9 7 9 8 10 6 11 7 10 8 10 6 9 7 9 8 10 6 10 7 9 8 11 6 9 7 10 8 11 6 10 7 10 8 11 6 9 7 10 8 9 6 12 7 12 8 12 
24 6 11 7 11 8 11 6 10 7 10 8 11 6 11 7 10 8 9 6 9 7 9 8 9 6 9 7 9 8 10 6 9 7 10 8 10 6 10 7 11 8 9 6 11 7 12 8 12 
6 6 10 7 9 8 9 6 11 7 12 8 12 
45 6 11 7 10 8 10 6 11 7 11 8 9 6 9 7 10 8 9 6 9 7 11 8 10 6 9 7 10 8 10 6 10 7 10 8 11 6 11 7 10 8 11 6 11 7 9 8 10 6 10 7 10 8 9 6 9 7 10 8 11 6 11 7 10 8 9 6 10 7 10 8 10 6 10 7 10 8 11 6 11 7 9 8 11 6 9 7 12 8 12 
9 6 11 7 10 8 9 6 9 7 10 8 12 6 12 7 12 8 12 
36 6 11 7 11 8 11 6 11 7 11 8 9 6 10 7 11 8 11 6 9 7 9 8 11 6 11 7 10 8 9 6 10 7 11 8 10 6 10 7 9 8 9 6 11 7 11 8 10 6 9 7 10 8 9 6 11 7 10 8 10 6 10 7 10 8 9 6 11 7 12 8 12 
6 6 10 7 9 8 11 6 10 7 9 8 12 
9 6 11 7 10 8 11 6 10 7 9 8 12 6 12 7 12 8 12 
6 6 11 7 10 8 9 6 12 7 12 8 12 
45 6 11 7 11 8 10 6 9 7 11 8 10 6 10 7 9 8 9 6 11 7 11 8 10 6 11 7 10 8 10 6 11 7 9 8 10 6 10 7 11 8 9 6 10 7 10 8 9 6 9 7 10 8 9 6 10 7 11 8 11 6 11 7 10 8 10 6 10 7 10 8 10 6 10 7 10 8 10 6 11 7 9 8 9 6 12 7 12 8 12 
6 6 11 7 10 8 11 6 9 7 12 8 12 
6 6 11 7 9 8 9 6 9 7 12 8 12 
6 6 10 7 10 8 12 6 12 7 12 8 12 
6 6 11 7 11 8 9 6 12 7 12 8 12 
6 6 11 7 11 8 10 6 12 7 12 8 12 
15 6 10 7 9 8 9 6 11 7 10 8 11 6 11 7 11 8 11 6 11 7 9 8 9 6 12 7 12 8 12 
6 6 11 7 10 8 9 6 11 7 12 8 12 
6 6 10 7 9 8 12 6 12 7 12 8 12 
6 6 11 7 11 8 10 6 11 7 12 8 12 
39 6 11 7 10 8 11 6 11 7 10 8 11 6 11 7 11 8 11 6 10 7 10 8 11 6 9 7 9 8 9 6 10 7 11 8 9 6 9 7 9 8 11 6 10 7 10 8 9 6 9 7 10 8 10 6 10 7 10 8 10 6 11 7 11 8 11 6 10 7 10 8 9 6 9 7 12 8 12 
27 6 11 7 11 8 11 6 9 7 10 8 11 6 10 7 10 8 9 6 9 7 9 8 9 6 10 7 9 8 9 6 10 7 9 8 9 6 10 7 10 8 10 6 9 7 9 8 9 6 12 7 12 8 12 
6 6 10 7 10 8 9 6 11 7 12 8 12 
6 6 11 7 10 8 11 6 10 7 9 8 12 
12 6 11 7 10 8 9 6 10 7 10 8 11 6 10 7 9 8 12 6 12 7 12 8 12 
9 6 11 7 11 8 11 6 9 7 10 8 12 6 12 7 12 8 12 
6 6 11 7 11 8 9 6 12 7 12 8 12 
12 6 11 7 11 8 9 6 9 7 10 8 10 6 9 7 11 8 9 6 12 7 12 8 12 
6 6 11 7 10 8 9 6 12 7 12 8 12 
21 6 11 7 11 8 10 6 9 7 10 8 9 6 11 7 10 8 10 6 9 7 9 8 10 6 11 7 9 8 9 6 10 7 10 8 9 6 9 7 9 8 12 
9 6 11 7 9 8 9 6 9 7 9 8 9 6 12 7 12 8 12 
21 6 10 7 11 8 9 6 11 7 10 8 9 6 10 7 10 8 9 6 9 7 9 8 9 6 10 7 10 8 10 6 11 7 10 8 12 6 12 7 12 8 12 
15 6 11 7 10 8 10 6 10 7 9 8 9 6 10 7 9 8 9 6 10 7 9 8 9 6 12 7 12 8 12 
9 6 11 7 11 8 11 6 11 7 9 8 9 6 12 7 12 8 12 
12 6 11 7 9 8 10 6 10 7 10 8 11 6 11 7 10 8 9 6 11 7 12 8 12 
21 6 11 7 10 8 11 6 10 7 10 8 10 6 10 7 9 8 10 6 10 7 10 8 10 6 10 7 10 8 11 6 10 7 9 8 9 6 10 7 9 8 12 
9 6 10 7 9 8 9 6 10 7 11 8 9 6 9 7 9 8 12 
15 6 10 7 10 8 11 6 11 7 10 8 10 6 11 7 10 8 9 6 10 7 10 8 9 6 12 7 12 8 12 
39 6 10 7 9 8 11 6 11 7 9 8 9 6 11 7 10 8 9 6 11 7 10 8 10 6 10 7 10 8 11 6 9 7 10 8 11 6 10 7 11 8 11 6 11 7 9 8 10 6 10 7 11 8 11 6 10 7 10 8 11 6 9 7 10 8 10 6 9 7 9 8 9 6 12 7 12 8 12 
6 6 10 7 10 8 10 6 10 7 12 8 12 
27 6 11 7 11 8 11 6 11 7 11 8 11 6 11 7 11 8 10 6 10 7 11 8 11 6 11 7 9 8 10 6 11 7 11 8 9 6 10 7 10 8 11 6 11 7 9 8 9 6 12 7 12 8 12 
9 6 10 7 10 8 10 6 9 7 10 8 10 6 11 7 12 8 12 
12 6 10 7 11 8 11 6 11 7 10 8 10 6 11 7 10 8 9 6 11 7 12 8 12 
12 6 11 7 10 8 9 6 9 7 10 8 9 6 11 7 10 8 9 6 12 7 12 8 12 
18 6 11 7 9 8 9 6 11 7 10 8 9 6 11 7 11 8 10 6 9 7 10 8 11 6 10 7 11 8 9 6 12 7 12 8 12 
9 6 11 7 11 8 10 6 10 7 9 8 9 6 12 7 12 8 12 
6 6 10 7 10 8 9 6 9 7 12 8 12 
6 6 10 7 10 8 10 6 12 7 12 8 12 
24 6 10 7 10 8 11 6 9 7 9 8 9 6 9 7 11 8 11 6 10 7 11 8 10 6 9 7 9 8 10 6 11 7 11 8 10 6 9 7 9 8 12 6 12 7 12 8 12 
6 6 11 7 10 8 10 6 11 7 12 8 12 
15 6 11 7 9 8 10 6 10 7 10 8 10 6 9 7 9 8 10 6 11 7 10 8 9 6 12 7 12 8 12 
9 6 11 7 11 8 10 6 11 7 10 8 9 6 10 7 12 8 12 
18 6 10 7 11 8 9 6 10 7 10 8 10 6 10 7 9 8 11 6 10 7 10 8 11 6 9 7 10 8 9 6 12 7 12 8 12 
18 6 11 7 10 8 10 6 9 7 9 8 9 6 9 7 10 8 10 6 11 7 10 8 10 6 11 7 9 8 12 6 12 7 12 8 12 
12 6 10 7 9 8 10 6 11 7 11 8 11 6 10 7 10 8 9 6 9 7 12 8 12 
15 6 11 7 9 8 9 6 11 7 10 8 9 6 9 7 9 8 10 6 11 7 10 8 12 6 12 7 12 8 12 
24 6 11 7 11 8 11 6 11 7 9 8 11 6 10 7 11 8 11 6 9 7 11 8 11 6 9 7 10 8 11 6 11 7 9 8 9 6 10 7 9 8 12 6 12 7 12 8 12 
6 6 11 7 10 8 10 6 9 7 12 8 12 
9 6 10 7 10 8 10 6 9 7 9 8 12 6 12 7 12 8 12 
15 6 11 7 10 8 11 6 9 7 10 8 10 6 11 7 10 8 11 6 9 7 10 8 12 6 12 7 12 8 12 
12 6 10 7 11 8 10 6 10 7 9 8 9 6 10 7 11 8 11 6 9 7 12 8 12 
9 6 11 7 10 8 9 6 9 7 10 8 12 6 12 7 12 8 12 
27 6 10 7 10 8 9 6 10 7 10 8 11 6 11 7 9 8 9 6 9 7 10 8 10 6 9 7 10 8 9 6 10 7 11 8 11 6 11 7 9 8 9 6 9 7 11 8 10 6 11 7 12 8 12 
9 6 10 7 9 8 10 6 10 7 9 8 10 6 9 7 12 8 12 
18 6 11 7 11 8 11 6 10 7 11 8 11 6 11 7 9 8 9 6 9 7 9 8 11 6 11 7 10 8 11 6 10 7 12 8 12 
12 6 11 7 10 8 11 6 10 7 9 8 10 6 9 7 9 8 9 6 12 7 12 8 12 
9 6 11 7 9 8 11 6 9 7 9 8 9 6 9 7 12 8 12 
9 6 11 7 10 8 9 6 10 7 9 8 9 6 9 7 12 8 12 
6 6 11 7 9 8 11 6 9 7 12 8 12 
6 6 11 7 9 8 9 6 12 7 12 8 12 
27 6 10 7 10 8 11 6 10 7 10 8 10 6 10 7 10 8 11 6 10 7 9 8 9 6 11 7 9 8 10 6 10 7 9 8 10 6 10 7 10 8 10 6 11 7 10 8 9 6 11 7 12 8 12 
15 6 11 7 10 8 10 6 10 7 11 8 10 6 11 7 10 8 11 6 10 7 9 8 9 6 11 7 12 8 12 
6 6 10 7 9 8 9 6 12 7 12 8 12 
21 6 11 7 9 8 10 6 11 7 9 8 10 6 11 7 11 8 11 6 11 7 11 8 9 6 11 7 10 8 9 6 9 7 10 8 9 6 9 7 9 8 12 
9 6 11 7 10 8 11 6 11 7 9 8 10 6 9 7 12 8 12 
6 6 11 7 10 8 9 6 12 7 12 8 12 
9 6 11 7 9 8 9 6 10 7 11 8 11 6 10 7 12 8 12 
33 6 10 7 10 8 10 6 11 7 10 8 10 6 10 7 9 8 9 6 9 7 10 8 10 6 9 7 10 8 11 6 10 7 10 8 11 6 9 7 10 8 11 6 10 7 9 8 10 6 9 7 10 8 11 6 10 7 9 8 9 6 12 7 12 8 12 
9 6 11 7 10 8 9 6 9 7 9 8 9 6 11 7 12 8 12 
24 6 11 7 10 8 11 6 11 7 10 8 11 6 9 7 10 8 9 6 11 7 10 8 10 6 11 7 10 8 9 6 9 7 9 8 10 6 10 7 10 8 10 6 9 7 9 8 12 
12 6 11 7 10 8 11 6 10 7 11 8 10 6 9 7 9 8 9 6 12 7 12 8 12 
9 6 11 7 9 8 10 6 10 7 9 8 9 6 12 7 12 8 12 
6 6 11 7 9 8 9 6 12 7 12 8 12 
12 6 11 7 9 8 10 6 10 7 10 8 9 6 9 7 9 8 12 6 12 7 12 8 12 
9 6 11 7 10 8 11 6 11 7 11 8 9 6 9 7 9 8 12 
15 6 11 7 11 8 10 6 10 7 9 8 9 6 11 7 11 8 11 6 11 7 11 8 9 6 11 7 12 8 12 
6 6 11 7 9 8 9 6 12 7 12 8 12 
24 6 11 7 9 8 9 6 9 7 10 8 9 6 10 7 10 8 11 6 10 7 10 8 9 6 11 7 11 8 10 6 11 7 9 8 9 6 10 7 9 8 9 6 9 7 9 8 12 
15 6 10 7 10 8 11 6 10 7 10 8 10 6 9 7 10 8 11 6 9 7 9 8 9 6 9 7 12 8 12 
9 6 11 7 10 8 9 6 10 7 10 8 9 6 11 7 12 8 12 
21 6 10 7 9 8 9 6 9 7 10 8 11 6 11 7 10 8 10 6 10 7 9 8 9 6 10 7 10 8 10 6 9 7 9 8 9 6 12 7 12 8 12 
6 6 11 7 10 8 10 6 10 7 12 8 12 
24 6 11 7 10 8 10 6 10 7 10 8 10 6 10 7 10 8 9 6 10 7 10 8 9 6 11 7 10 8 11 6 10 7 10 8 10 6 9 7 10 8 12 6 12 7 12 8 12 
12 6 11 7 11 8 10 6 10 7 9 8 11 6 11 7 10 8 12 6 12 7 12 8 12 
6 6 10 7 9 8 9 6 9 7 9 8 12 
6 6 11 7 11 8 11 6 9 7 12 8 12 
6 6 11 7 9 8 9 6 12 7 12 8 12 
9 6 10 7 9 8 9 6 9 7 10 8 9 6 11 7 12 8 12 
6 6 11 7 11 8 9 6 12 7 12 8 12 
12 6 11 7 9 8 9 6 11 7 10 8 10 6 10 7 9 8 10 6 12 7 12 8 12 
6 6 11 7 9 8 9 6 11 7 12 8 12 
12 6 11 7 11 8 9 6 10 7 11 8 11 6 9 7 9 8 9 6 11 7 12 8 12 
18 6 11 7 9 8 11 6 11 7 10 8 10 6 10 7 11 8 10 6 10 7 9 8 10 6 9 7 10 8 12 6 12 7 12 8 12 
6 6 11 7 9 8 9 6 12 7 12 8 12 
6 6 11 7 9 8 9 6 12 7 12 8 12 
30 6 11 7 10 8 9 6 10 7 11 8 9 6 9 7 10 8 11 6 11 7 11 8 10 6 11 7 11 8 9 6 10 7 10 8 11 6 11 7 9 8 11 6 11 7 9 8 11 6 9 7 10 8 9 6 12 7 12 8 12 
12 6 11 7 10 8 9 6 10 7 11 8 10 6 11 7 9 8 12 6 12 7 12 8 12 
9 6 11 7 10 8 11 6 9 7 9 8 9 6 12 7 12 8 12 
6 6 11 7 9 8 9 6 11 7 12 8 12 
6 6 11 7 9 8 12 6 12 7 12 8 12 
12 6 11 7 9 8 9 6 9 7 10 8 11 6 9 7 9 8 9 6 12 7 12 8 12 
18 6 11 7 10 8 10 6 11 7 10 8 11 6 9 7 9 8 10 6 10 7 10 8 11 6 10 7 10 8 12 6 12 7 12 8 12 
9 6 11 7 10 8 10 6 9 7 10 8 9 6 9 7 12 8 12 
6 6 11 7 10 8 9 6 12 7 12 8 12 
9 6 11 7 10 8 11 6 9 7 10 8 10 6 11 7 12 8 12 
9 6 10 7 11 8 11 6 10 7 11 8 10 6 9 7 12 8 12 
9 6 10 7 9 8 9 6 10 7 10 8 9 6 12 7 12 8 12 
24 6 11 7 10 8 10 6 9 7 11 8 11 6 10 7 9 8 10 6 10 7 10 8 9 6 10 7 9 8 11 6 9 7 10 8 9 6 10 7 10 8 9 6 12 7 12 8 12 
9 6 11 7 10 8 9 6 9 7 9 8 9 6 12 7 12 8 12 
15 6 11 7 10 8 10 6 9 7 10 8 10 6 9 7 10 8 9 6 10 7 10 8 11 6 10 7 12 8 12 
18 6 11 7 11 8 11 6 10 7 9 8 10 6 10 7 9 8 10 6 10 7 10 8 9 6 10 7 9 8 12 6 12 7 12 8 12 
27 6 11 7 10 8 11 6 9 7 9 8 10 6 11 7 10 8 9 6 9 7 10 8 10 6 10 7 9 8 10 6 9 7 10 8 11 6 11 7 11 8 9 6 10 7 9 8 9 6 11 7 12 8 12 
12 6 10 7 11 8 11 6 11 7 10 8 11 6 10 7 10 8 9 6 12 7 12 8 12 
9 6 11 7 10 8 11 6 9 7 9 8 9 6 12 7 12 8 12 
18 6 11 7 11 8 9 6 9 7 9 8 10 6 11 7 10 8 11 6 10 7 10 8 9 6 10 7 10 8 9 6 11 7 12 8 12 
6 6 11 7 10 8 11 6 9 7 9 8 12 
6 6 11 7 11 8 9 6 11 7 12 8 12 
9 6 11 7 11 8 10 6 10 7 9 8 9 6 11 7 12 8 12 
6 6 11 7 9 8 9 6 9 7 9 8 12 
12 6 11 7 11 8 10 6 9 7 9 8 10 6 10 7 10 8 9 6 11 7 12 8 12 
27 6 11 7 9 8 10 6 11 7 9 8 10 6 10 7 11 8 10 6 11 7 11 8 9 6 10 7 9 8 11 6 9 7 10 8 11 6 11 7 10 8 11 6 10 7 11 8 10 6 9 7 12 8 12 
12 6 10 7 9 8 9 6 9 7 9 8 10 6 11 7 9 8 9 6 10 7 9 8 12 
6 6 10 7 10 8 10 6 11 7 12 8 12 
24 6 11 7 11 8 11 6 9 7 10 8 10 6 10 7 9 8 10 6 11 7 10 8 11 6 11 7 11 8 9 6 11 7 9 8 11 6 10 7 11 8 10 6 12 7 12 8 12 
18 6 10 7 10 8 9 6 11 7 11 8 10 6 10 7 9 8 10 6 11 7 11 8 11 6 9 7 10 8 9 6 11 7 12 8 12 
30 6 11 7 9 8 9 6 11 7 10 8 9 6 9 7 10 8 10 6 9 7 10 8 11 6 10 7 10 8 10 6 9 7 10 8 9 6 9 7 9 8 10 6 10 7 10 8 11 6 9 7 10 8 9 6 12 7 12 8 12 
6 6 11 7 10 8 9 6 12 7 12 8 12 
21 6 11 7 10 8 10 6 11 7 10 8 9 6 9 7 10 8 9 6 10 7 9 8 10 6 9 7 9 8 10 6 10 7 9 8 12 6 12 7 12 8 12 
21 6 10 7 10 8 11 6 9 7 9 8 9 6 10 7 10 8 11 6 9 7 10 8 9 6 11 7 10 8 10 6 9 7 9 8 10 6 11 7 12 8 12 
18 6 10 7 9 8 10 6 10 7 11 8 9 6 11 7 11 8 11 6 10 7 10 8 9 6 11 7 11 8 10 6 9 7 12 8 12 
9 6 11 7 11 8 11 6 10 7 10 8 9 6 10 7 9 8 12 
21 6 10 7 10 8 10 6 10 7 10 8 10 6 10 7 10 8 11 6 10 7 11 8 11 6 10 7 10 8 9 6 10 7 11 8 10 6 11 7 12 8 12 
6 6 11 7 10 8 9 6 10 7 9 8 12 
24 6 11 7 10 8 9 6 10 7 10 8 10 6 11 7 10 8 11 6 9 7 9 8 11 6 10 7 9 8 9 6 11 7 11 8 11 6 10 7 10 8 9 6 12 7 12 8 12 
15 6 11 7 9 8 10 6 10 7 10 8 10 6 9 7 10 8 9 6 9 7 10 8 10 6 9 7 12 8 12 
18 6 11 7 11 8 10 6 9 7 10 8 11 6 10 7 9 8 9 6 11 7 11 8 10 6 10 7 9 8 9 6 12 7 12 8 12 
21 6 11 7 11 8 10 6 11 7 11 8 11 6 11 7 10 8 11 6 11 7 10 8 11 6 11 7 10 8 9 6 10 7 9 8 12 6 12 7 12 8 12 
18 6 11 7 10 8 11 6 10 7 11 8 10 6 9 7 10 8 9 6 9 7 10 8 11 6 11 7 10 8 10 6 12 7 12 8 12 
6 6 10 7 10 8 9 6 11 7 12 8 12 
15 6 11 7 10 8 10 6 10 7 11 8 10 6 9 7 10 8 10 6 9 7 11 8 10 6 9 7 9 8 12 
6 6 11 7 9 8 12 6 12 7 12 8 12 
18 6 11 7 10 8 11 6 10 7 9 8 9 6 10 7 10 8 9 6 9 7 10 8 9 6 9 7 9 8 10 6 9 7 9 8 12 
6 6 11 7 9 8 9 6 12 7 12 8 12 
6 6 11 7 10 8 9 6 12 7 12 8 12 
9 6 10 7 9 8 9 6 11 7 11 8 10 6 11 7 12 8 12 
36 6 11 7 10 8 10 6 9 7 9 8 11 6 10 7 10 8 11 6 10 7 10 8 11 6 10 7 9 8 10 6 10 7 9 8 9 6 10 7 9 8 11 6 10 7 9 8 9 6 9 7 10 8 11 6 10 7 11 8 11 6 9 7 9 8 9 6 12 7 12 8 12 
12 6 11 7 9 8 10 6 11 7 11 8 11 6 11 7 10 8 9 6 12 7 12 8 12 
6 6 11 7 9 8 9 6 12 7 12 8 12 
9 6 11 7 9 8 10 6 9 7 9 8 9 6 12 7 12 8 12 
15 6 10 7 10 8 9 6 11 7 10 8 10 6 9 7 10 8 9 6 9 7 10 8 9 6 9 7 9 8 12 
6 6 11 7 9 8 10 6 9 7 12 8 12 
15 6 11 7 10 8 9 6 9 7 9 8 9 6 9 7 9 8 11 6 11 7 9 8 12 6 12 7 12 8 12 
12 6 11 7 10 8 11 6 11 7 9 8 11 6 9 7 9 8 9 6 10 7 12 8 12 
9 6 11 7 11 8 9 6 9 7 9 8 9 6 12 7 12 8 12 
6 6 11 7 11 8 9 6 9 7 9 8 12 
12 6 11 7 11 8 11 6 9 7 11 8 10 6 10 7 9 8 12 6 12 7 12 8 12 
18 6 11 7 11 8 11 6 11 7 9 8 10 6 9 7 9 8 9 6 10 7 9 8 10 6 11 7 10 8 9 6 11 7 12 8 12 
6 6 11 7 10 8 11 6 9 7 12 8 12 
6 6 11 7 11 8 9 6 9 7 12 8 12 
6 6 11 7 10 8 10 6 12 7 12 8 12 
12 6 10 7 11 8 9 6 11 7 11 8 10 6 9 7 11 8 11 6 9 7 12 8 12 
12 6 11 7 11 8 11 6 10 7 10 8 9 6 10 7 9 8 9 6 10 7 9 8 12 
15 6 11 7 10 8 10 6 11 7 10 8 9 6 9 7 10 8 10 6 10 7 10 8 9 6 11 7 12 8 12 
12 6 11 7 11 8 11 6 11 7 10 8 10 6 10 7 11 8 9 6 9 7 9 8 12 
9 6 11 7 11 8 11 6 9 7 9 8 9 6 9 7 9 8 12 
12 6 11 7 11 8 10 6 10 7 9 8 9 6 9 7 10 8 9 6 11 7 12 8 12 
15 6 11 7 10 8 10 6 10 7 9 8 10 6 10 7 9 8 9 6 10 7 9 8 9 6 12 7 12 8 12 
6 6 10 7 11 8 9 6 12 7 12 8 12 
15 6 11 7 10 8 9 6 10 7 11 8 9 6 9 7 9 8 9 6 9 7 9 8 9 6 12 7 12 8 12 
6 6 11 7 10 8 9 6 11 7 12 8 12 
6 6 11 7 10 8 9 6 12 7 12 8 12 
30 6 10 7 10 8 9 6 9 7 9 8 10 6 10 7 11 8 11 6 11 7 9 8 9 6 11 7 11 8 10 6 10 7 10 8 10 6 10 7 10 8 10 6 11 7 11 8 10 6 9 7 10 8 12 6 12 7 12 8 12 
48 6 11 7 9 8 9 6 10 7 9 8 11 6 11 7 10 8 11 6 10 7 9 8 10 6 9 7 9 8 10 6 9 7 10 8 9 6 9 7 10 8 11 6 11 7 10 8 11 6 11 7 10 8 11 6 10 7 11 8 11 6 9 7 10 8 11 6 11 7 11 8 10 6 10 7 11 8 11 6 10 7 9 8 9 6 9 7 9 8 12 6 12 7 12 8 12 
45 6 10 7 11 8 11 6 10 7 9 8 9 6 11 7 9 8 10 6 11 7 11 8 11 6 9 7 9 8 10 6 9 7 9 8 11 6 10 7 9 8 11 6 10 7 10 8 11 6 9 7 10 8 10 6 10 7 10 8 10 6 9 7 10 8 11 6 11 7 11 8 10 6 10 7 9 8 11 6 10 7 10 8 12 6 12 7 12 8 12 
9 6 10 7 11 8 11 6 10 7 10 8 9 6 12 7 12 8 12 
9 6 10 7 10 8 11 6 11 7 10 8 9 6 12 7 12 8 12 
21 6 10 7 11 8 10 6 11 7 11 8 9 6 9 7 9 8 11 6 11 7 10 8 11 6 11 7 11 8 9 6 9 7 10 8 9 6 11 7 12 8 12 
12 6 10 7 11 8 10 6 10 7 11 8 10 6 9 7 10 8 9 6 12 7 12 8 12 
6 6 11 7 10 8 9 6 12 7 12 8 12 
9 6 11 7 10 8 11 6 10 7 9 8 9 6 12 7 12 8 12 
6 6 10 7 9 8 9 6 12 7 12 8 12 
9 6 11 7 9 8 9 6 11 7 10 8 9 6 10 7 9 8 12 
9 6 11 7 11 8 11 6 11 7 11 8 10 6 9 7 9 8 12 
6 6 11 7 9 8 12 6 12 7 12 8 12 
27 6 10 7 11 8 11 6 11 7 10 8 11 6 9 7 9 8 11 6 11 7 10 8 11 6 9 7 9 8 10 6 9 7 10 8 10 6 9 7 10 8 10 6 11 7 9 8 9 6 12 7 12 8 12 
6 6 11 7 10 8 11 6 9 7 9 8 12 
21 6 10 7 10 8 9 6 10 7 10 8 11 6 11 7 9 8 9 6 11 7 10 8 9 6 9 7 11 8 9 6 10 7 9 8 12 6 12 7 12 8 12 
15 6 11 7 9 8 9 6 9 7 10 8 9 6 11 7 11 8 9 6 9 7 10 8 9 6 12 7 12 8 12 
12 6 10 7 9 8 9 6 9 7 9 8 9 6 10 7 10 8 11 6 10 7 12 8 12 
6 6 10 7 11 8 10 6 9 7 12 8 12 
9 6 10 7 11 8 11 6 9 7 10 8 12 6 12 7 12 8 12 
24 6 11 7 11 8 9 6 11 7 11 8 10 6 11 7 9 8 9 6 9 7 10 8 9 6 11 7 11 8 10 6 11 7 11 8 10 6 11 7 11 8 10 6 11 7 12 8 12 
6 6 11 7 10 8 10 6 11 7 12 8 12 
6 6 11 7 9 8 9 6 11 7 12 8 12 
6 6 11 7 10 8 9 6 12 7 12 8 12 
12 6 11 7 11 8 11 6 9 7 10 8 10 6 10 7 9 8 12 6 12 7 12 8 12 
48 6 11 7 9 8 9 6 10 7 9 8 9 6 9 7 10 8 11 6 9 7 10 8 10 6 9 7 10 8 9 6 10 7 9 8 9 6 10 7 10 8 10 6 10 7 10 8 9 6 10 7 10 8 10 6 11 7 10 8 9 6 11 7 10 8 10 6 10 7 9 8 10 6 10 7 11 8 11 6 11 7 9 8 11 6 10 7 11 8 11 6 9 7 9 8 12 
9 6 10 7 9 8 9 6 10 7 10 8 10 6 9 7 12 8 12 
6 6 11 7 10 8 11 6 9 7 12 8 12 
6 6 11 7 9 8 10 6 11 7 12 8 12 
12 6 11 7 9 8 9 6 10 7 10 8 11 6 11 7 11 8 10 6 12 7 12 8 12 
18 6 11 7 11 8 9 6 9 7 9 8 9 6 9 7 10 8 11 6 9 7 10 8 10 6 9 7 10 8 10 6 12 7 12 8 12 
9 6 10 7 10 8 11 6 11 7 10 8 9 6 12 7 12 8 12 
15 6 10 7 11 8 11 6 10 7 11 8 10 6 10 7 10 8 11 6 9 7 9 8 11 6 10 7 12 8 12 
21 6 10 7 10 8 11 6 9 7 10 8 10 6 11 7 10 8 10 6 10 7 9 8 9 6 10 7 10 8 10 6 10 7 11 8 11 6 10 7 9 8 12 
15 6 11 7 11 8 11 6 11 7 10 8 9 6 10 7 10 8 10 6 10 7 9 8 10 6 9 7 9 8 12 
6 6 10 7 11 8 9 6 12 7 12 8 12 
6 6 10 7 10 8 11 6 9 7 12 8 12 
21 6 11 7 11 8 10 6 10 7 10 8 11 6 10 7 10 8 10 6 11 7 9 8 9 6 10 7 10 8 9 6 9 7 9 8 12 6 12 7 12 8 12 
24 6 11 7 9 8 11 6 11 7 10 8 10 6 11 7 9 8 9 6 11 7 10 8 11 6 9 7 10 8 9 6 9 7 10 8 10 6 10 7 9 8 12 6 12 7 12 8 12 
15 6 11 7 9 8 10 6 10 7 10 8 9 6 11 7 11 8 9 6 11 7 9 8 9 6 12 7 12 8 12 
42 6 11 7 10 8 11 6 9 7 10 8 10 6 10 7 11 8 11 6 11 7 9 8 9 6 10 7 9 8 10 6 11 7 9 8 9 6 9 7 10 8 11 6 10 7 10 8 9 6 10 7 11 8 9 6 11 7 11 8 11 6 11 7 10 8 10 6 10 7 10 8 11 6 11 7 9 8 12 6 12 7 12 8 12 
45 6 10 7 10 8 9 6 11 7 9 8 10 6 10 7 10 8 10 6 9 7 9 8 11 6 11 7 10 8 9 6 11 7 10 8 10 6 10 7 11 8 11 6 11 7 9 8 11 6 11 7 11 8 11 6 11 7 10 8 11 6 11 7 11 8 11 6 10 7 10 8 10 6 11 7 10 8 11 6 9 7 9 8 10 6 11 7 12 8 12 
21 6 11 7 10 8 11 6 11 7 11 8 10 6 10 7 10 8 10 6 9 7 9 8 10 6 11 7 10 8 11 6 11 7 9 8 9 6 12 7 12 8 12 
15 6 11 7 10 8 9 6 9 7 11 8 10 6 9 7 9 8 10 6 11 7 9 8 12 6 12 7 12 8 12 
6 6 11 7 11 8 10 6 10 7 9 8 12 
9 6 10 7 11 8 11 6 11 7 9 8 9 6 12 7 12 8 12 
15 6 11 7 9 8 9 6 10 7 10 8 11 6 11 7 10 8 11 6 11 7 9 8 9 6 10 7 9 8 12 
9 6 11 7 10 8 9 6 11 7 9 8 12 6 12 7 12 8 12 
9 6 11 7 9 8 9 6 9 7 10 8 10 6 12 7 12 8 12 
12 6 11 7 11 8 11 6 10 7 10 8 10 6 10 7 10 8 10 6 10 7 9 8 12 
15 6 11 7 10 8 9 6 9 7 10 8 9 6 9 7 10 8 11 6 10 7 9 8 9 6 12 7 12 8 12 
6 6 11 7 9 8 12 6 12 7 12 8 12 
9 6 11 7 9 8 10 6 11 7 9 8 10 6 9 7 9 8 12 
9 6 10 7 10 8 10 6 10 7 10 8 9 6 12 7 12 8 12 
9 6 11 7 10 8 11 6 11 7 9 8 11 6 10 7 9 8 12 
6 6 11 7 9 8 9 6 9 7 9 8 12 
27 6 11 7 10 8 11 6 11 7 10 8 9 6 10 7 10 8 9 6 10 7 11 8 11 6 11 7 10 8 10 6 9 7 10 8 10 6 10 7 10 8 10 6 10 7 10 8 11 6 9 7 12 8 12 
6 6 10 7 9 8 9 6 11 7 12 8 12 
18 6 11 7 10 8 10 6 11 7 10 8 10 6 9 7 10 8 9 6 10 7 10 8 10 6 10 7 9 8 9 6 9 7 9 8 12 
18 6 11 7 9 8 9 6 10 7 9 8 9 6 9 7 10 8 11 6 11 7 11 8 9 6 11 7 10 8 10 6 12 7 12 8 12 
9 6 11 7 11 8 10 6 11 7 10 8 10 6 11 7 12 8 12 
15 6 10 7 10 8 10 6 9 7 9 8 9 6 9 7 10 8 10 6 9 7 9 8 9 6 12 7 12 8 12 
24 6 11 7 11 8 10 6 9 7 10 8 9 6 9 7 9 8 9 6 9 7 10 8 9 6 11 7 9 8 9 6 9 7 10 8 10 6 11 7 9 8 12 6 12 7 12 8 12 
9 6 10 7 9 8 9 6 11 7 10 8 12 6 12 7 12 8 12 
15 6 11 7 9 8 9 6 9 7 10 8 10 6 9 7 10 8 11 6 9 7 9 8 9 6 12 7 12 8 12 
6 6 11 7 9 8 10 6 12 7 12 8 12 
6 6 10 7 9 8 10 6 9 7 12 8 12 
15 6 10 7 10 8 11 6 11 7 11 8 10 6 9 7 10 8 9 6 9 7 9 8 10 6 12 7 12 8 12 
9 6 11 7 10 8 10 6 9 7 9 8 9 6 9 7 12 8 12 
9 6 11 7 10 8 10 6 10 7 9 8 9 6 12 7 12 8 12 
12 6 11 7 10 8 11 6 10 7 11 8 9 6 11 7 10 8 9 6 9 7 12 8 12 
30 6 11 7 10 8 9 6 10 7 11 8 9 6 10 7 11 8 11 6 10 7 9 8 9 6 9 7 9 8 10 6 11 7 10 8 11 6 10 7 10 8 10 6 10 7 10 8 9 6 9 7 9 8 9 6 12 7 12 8 12 
9 6 11 7 10 8 9 6 10 7 9 8 9 6 12 7 12 8 12 
45 6 10 7 10 8 11 6 9 7 10 8 11 6 10 7 10 8 11 6 11 7 10 8 10 6 10 7 10 8 11 6 10 7 10 8 9 6 10 7 9 8 10 6 10 7 11 8 11 6 9 7 10 8 11 6 9 7 9 8 11 6 10 7 11 8 10 6 10 7 11 8 9 6 10 7 10 8 9 6 9 7 10 8 9 6 11 7 12 8 12 
6 6 10 7 9 8 9 6 12 7 12 8 12 
9 6 11 7 10 8 10 6 11 7 10 8 9 6 12 7 12 8 12 
12 6 11 7 10 8 9 6 11 7 11 8 11 6 11 7 10 8 9 6 11 7 12 8 12 
9 6 11 7 9 8 11 6 9 7 9 8 9 6 12 7 12 8 12 
12 6 10 7 10 8 11 6 11 7 9 8 10 6 9 7 9 8 9 6 12 7 12 8 12 
15 6 10 7 9 8 9 6 9 7 10 8 10 6 11 7 10 8 9 6 11 7 10 8 10 6 12 7 12 8 12 
27 6 11 7 10 8 9 6 11 7 10 8 11 6 9 7 10 8 11 6 11 7 9 8 9 6 11 7 11 8 9 6 9 7 9 8 9 6 9 7 9 8 10 6 9 7 9 8 10 6 9 7 12 8 12 
6 6 11 7 9 8 12 6 12 7 12 8 12 
18 6 10 7 10 8 9 6 9 7 9 8 11 6 9 7 10 8 10 6 10 7 10 8 11 6 11 7 11 8 9 6 10 7 9 8 12 
15 6 11 7 9 8 11 6 10 7 10 8 11 6 11 7 10 8 11 6 11 7 11 8 10 6 9 7 12 8 12 
15 6 11 7 10 8 11 6 9 7 9 8 10 6 11 7 11 8 10 6 9 7 9 8 9 6 11 7 12 8 12 
24 6 11 7 11 8 9 6 10 7 11 8 11 6 11 7 11 8 11 6 11 7 11 8 9 6 10 7 10 8 11 6 10 7 9 8 11 6 10 7 9 8 9 6 12 7 12 8 12 
6 6 11 7 10 8 10 6 9 7 12 8 12 
9 6 10 7 11 8 10 6 11 7 10 8 9 6 9 7 12 8 12 
15 6 11 7 9 8 10 6 11 7 10 8 10 6 10 7 10 8 9 6 9 7 10 8 9 6 12 7 12 8 12 
9 6 11 7 9 8 11 6 10 7 10 8 9 6 11 7 12 8 12 
9 6 11 7 9 8 9 6 9 7 9 8 9 6 11 7 12 8 12 
15 6 10 7 10 8 9 6 10 7 9 8 10 6 10 7 9 8 10 6 11 7 10 8 10 6 9 7 9 8 12 
9 6 11 7 9 8 10 6 9 7 9 8 9 6 12 7 12 8 12 
18 6 11 7 10 8 11 6 10 7 9 8 10 6 11 7 10 8 10 6 10 7 11 8 9 6 10 7 11 8 9 6 9 7 9 8 12 
6 6 10 7 9 8 12 6 12 7 12 8 12 
24 6 11 7 9 8 10 6 11 7 11 8 10 6 10 7 10 8 9 6 11 7 11 8 10 6 10 7 10 8 11 6 10 7 9 8 9 6 9 7 10 8 11 6 9 7 9 8 12 
12 6 11 7 9 8 11 6 11 7 11 8 11 6 11 7 9 8 9 6 12 7 12 8 12 
9 6 11 7 10 8 9 6 9 7 10 8 9 6 11 7 12 8 12 
36 6 10 7 10 8 11 6 9 7 10 8 9 6 9 7 9 8 9 6 10 7 10 8 11 6 10 7 11 8 10 6 9 7 10 8 9 6 9 7 9 8 9 6 9 7 9 8 11 6 10 7 9 8 10 6 9 7 10 8 10 6 10 7 10 8 10 6 9 7 9 8 12 
9 6 11 7 10 8 9 6 10 7 10 8 9 6 12 7 12 8 12 
6 6 11 7 10 8 11 6 9 7 12 8 12 
6 6 11 7 9 8 9 6 9 7 12 8 12 
15 6 11 7 10 8 11 6 10 7 10 8 9 6 9 7 10 8 10 6 10 7 10 8 9 6 11 7 12 8 12 
24 6 11 7 11 8 10 6 10 7 10 8 9 6 10 7 11 8 11 6 10 7 9 8 11 6 9 7 10 8 9 6 11 7 11 8 9 6 10 7 9 8 9 6 12 7 12 8 12 
24 6 11 7 10 8 9 6 10 7 10 8 11 6 10 7 10 8 10 6 9 7 9 8 9 6 10 7 10 8 10 6 11 7 10 8 11 6 11 7 9 8 12 6 12 7 12 8 12 
6 6 11 7 9 8 9 6 12 7 12 8 12 
12 6 10 7 9 8 9 6 10 7 10 8 11 6 9 7 10 8 9 6 12 7 12 8 12 
39 6 10 7 9 8 10 6 11 7 9 8 9 6 11 7 10 8 10 6 11 7 10 8 10 6 10 7 10 8 10 6 10 7 9 8 11 6 9 7 10 8 9 6 11 7 10 8 9 6 11 7 9 8 10 6 9 7 10 8 9 6 10 7 10 8 10 6 9 7 9 8 9 6 12 7 12 8 12 
12 6 11 7 9 8 9 6 9 7 10 8 11 6 11 7 9 8 12 6 12 7 12 8 12 
6 6 10 7 11 8 9 6 12 7 12 8 12 
9 6 11 7 11 8 10 6 9 7 9 8 12 6 12 7 12 8 12 
6 6 10 7 11 8 9 6 12 7 12 8 12 
12 6 11 7 10 8 9 6 9 7 10 8 11 6 10 7 11 8 9 6 12 7 12 8 12 
39 6 11 7 11 8 11 6 11 7 10 8 9 6 9 7 10 8 11 6 10 7 9 8 10 6 11 7 9 8 10 6 10 7 10 8 11 6 11 7 9 8 10 6 11 7 10 8 11 6 10 7 9 8 9 6 10 7 9 8 10 6 11 7 9 8 9 6 10 7 11 8 9 6 10 7 9 8 12 
12 6 10 7 10 8 9 6 9 7 10 8 11 6 9 7 9 8 9 6 12 7 12 8 12 
30 6 11 7 10 8 9 6 11 7 11 8 11 6 9 7 10 8 10 6 9 7 9 8 11 6 11 7 10 8 10 6 10 7 9 8 11 6 9 7 11 8 11 6 10 7 10 8 11 6 10 7 9 8 10 6 9 7 12 8 12 
6 6 11 7 10 8 12 6 12 7 12 8 12 
27 6 11 7 11 8 11 6 10 7 10 8 10 6 9 7 10 8 11 6 11 7 11 8 9 6 10 7 9 8 9 6 11 7 10 8 10 6 9 7 10 8 9 6 11 7 9 8 10 6 11 7 12 8 12 
9 6 10 7 10 8 10 6 11 7 10 8 9 6 11 7 12 8 12 
6 6 10 7 11 8 10 6 12 7 12 8 12 
15 6 11 7 11 8 11 6 10 7 10 8 11 6 11 7 11 8 10 6 11 7 11 8 9 6 11 7 12 8 12 
9 6 11 7 10 8 9 6 10 7 9 8 9 6 9 7 9 8 12 
6 6 10 7 11 8 11 6 10 7 9 8 12 
33 6 11 7 9 8 11 6 11 7 9 8 9 6 9 7 10 8 9 6 11 7 9 8 10 6 9 7 10 8 9 6 10 7 10 8 11 6 10 7 10 8 10 6 11 7 11 8 11 6 10 7 10 8 11 6 10 7 11 8 10 6 9 7 12 8 12 
15 6 11 7 10 8 9 6 10 7 10 8 9 6 9 7 10 8 10 6 11 7 9 8 12 6 12 7 12 8 12 
6 6 11 7 10 8 9 6 11 7 12 8 12 
42 6 11 7 10 8 11 6 11 7 9 8 10 6 10 7 9 8 10 6 9 7 9 8 9 6 10 7 10 8 10 6 10 7 11 8 9 6 10 7 9 8 11 6 11 7 10 8 9 6 11 7 10 8 11 6 11 7 11 8 10 6 11 7 9 8 9 6 10 7 9 8 10 6 9 7 9 8 9 6 12 7 12 8 12 
9 6 10 7 10 8 9 6 9 7 10 8 9 6 12 7 12 8 12 
12 6 10 7 10 8 10 6 10 7 11 8 9 6 10 7 9 8 10 6 9 7 12 8 12 
21 6 10 7 9 8 10 6 11 7 10 8 9 6 10 7 9 8 9 6 10 7 9 8 9 6 10 7 10 8 11 6 10 7 10 8 9 6 12 7 12 8 12 
12 6 10 7 10 8 10 6 10 7 10 8 9 6 10 7 9 8 9 6 12 7 12 8 12 
24 6 11 7 10 8 11 6 11 7 10 8 11 6 10 7 10 8 9 6 11 7 11 8 9 6 10 7 11 8 11 6 9 7 9 8 9 6 10 7 9 8 10 6 9 7 9 8 12 
12 6 10 7 11 8 10 6 9 7 10 8 10 6 10 7 11 8 9 6 9 7 12 8 12 
6 6 10 7 10 8 9 6 12 7 12 8 12 
18 6 11 7 11 8 10 6 10 7 10 8 11 6 9 7 10 8 10 6 9 7 10 8 11 6 10 7 11 8 11 6 9 7 12 8 12 
9 6 11 7 11 8 9 6 11 7 9 8 9 6 12 7 12 8 12 
9 6 11 7 10 8 9 6 9 7 9 8 10 6 9 7 9 8 12 
18 6 11 7 9 8 10 6 10 7 9 8 10 6 10 7 11 8 11 6 11 7 10 8 9 6 9 7 10 8 9 6 11 7 12 8 12 
12 6 11 7 9 8 11 6 11 7 10 8 11 6 10 7 9 8 12 6 12 7 12 8 12 
18 6 11 7 10 8 11 6 11 7 10 8 11 6 10 7 11 8 9 6 9 7 9 8 9 6 10 7 10 8 9 6 11 7 12 8 12 
18 6 11 7 11 8 9 6 11 7 10 8 9 6 9 7 10 8 11 6 11 7 11 8 11 6 10 7 11 8 10 6 11 7 12 8 12 
12 6 11 7 11 8 9 6 10 7 10 8 11 6 9 7 10 8 9 6 12 7 12 8 12 
12 6 10 7 10 8 11 6 10 7 11 8 11 6 10 7 9 8 12 6 12 7 12 8 12 
15 6 10 7 9 8 9 6 10 7 10 8 11 6 11 7 11 8 10 6 9 7 9 8 9 6 12 7 12 8 12 
6 6 11 7 9 8 12 6 12 7 12 8 12 
9 6 11 7 10 8 9 6 9 7 10 8 9 6 12 7 12 8 12 
9 6 11 7 11 8 11 6 11 7 10 8 9 6 10 7 12 8 12 
6 6 11 7 11 8 9 6 11 7 12 8 12 
9 6 10 7 10 8 10 6 11 7 9 8 9 6 12 7 12 8 12 
6 6 11 7 10 8 10 6 9 7 9 8 12 
12 6 11 7 10 8 11 6 10 7 10 8 9 6 11 7 10 8 10 6 9 7 12 8 12 
6 6 11 7 9 8 9 6 12 7 12 8 12 
9 6 11 7 9 8 9 6 11 7 9 8 9 6 12 7 12 8 12 
9 6 11 7 11 8 11 6 10 7 10 8 9 6 12 7 12 8 12 
12 6 11 7 11 8 9 6 10 7 10 8 9 6 11 7 10 8 10 6 9 7 12 8 12 
39 6 10 7 10 8 10 6 11 7 9 8 9 6 10 7 9 8 11 6 10 7 10 8 10 6 11 7 9 8 10 6 9 7 10 8 10 6 10 7 10 8 11 6 9 7 10 8 11 6 10 7 10 8 10 6 10 7 10 8 10 6 11 7 10 8 11 6 10 7 10 8 11 6 9 7 9 8 12 
6 6 10 7 10 8 12 6 12 7 12 8 12 
15 6 10 7 11 8 9 6 9 7 10 8 11 6 9 7 10 8 10 6 11 7 9 8 9 6 11 7 12 8 12 
12 6 10 7 10 8 10 6 10 7 11 8 10 6 10 7 11 8 10 6 10 7 9 8 12 
15 6 11 7 10 8 10 6 10 7 9 8 9 6 9 7 10 8 11 6 11 7 10 8 10 6 9 7 12 8 12 
6 6 10 7 10 8 11 6 10 7 12 8 12 
9 6 10 7 11 8 10 6 10 7 10 8 10 6 12 7 12 8 12 
6 6 10 7 11 8 10 6 9 7 12 8 12 
60 6 11 7 11 8 11 6 11 7 10 8 9 6 9 7 10 8 9 6 11 7 10 8 11 6 11 7 10 8 11 6 11 7 10 8 11 6 11 7 10 8 9 6 10 7 11 8 11 6 11 7 11 8 9 6 10 7 10 8 9 6 10 7 11 8 11 6 10 7 9 8 11 6 9 7 10 8 9 6 10 7 11 8 10 6 10 7 11 8 11 6 9 7 10 8 10 6 11 7 10 8 10 6 10 7 9 8 9 6 9 7 10 8 12 6 12 7 12 8 12 
12 6 11 7 11 8 11 6 11 7 11 8 9 6 11 7 10 8 9 6 12 7 12 8 12 
12 6 11 7 11 8 11 6 11 7 9 8 10 6 10 7 10 8 9 6 10 7 9 8 12 
12 6 11 7 10 8 10 6 11 7 10 8 11 6 10 7 9 8 9 6 12 7 12 8 12 
15 6 10 7 11 8 10 6 10 7 10 8 10 6 10 7 10 8 11 6 9 7 10 8 12 6 12 7 12 8 12 
6 6 10 7 9 8 9 6 9 7 9 8 12 
9 6 11 7 9 8 10 6 10 7 10 8 9 6 12 7 12 8 12 
9 6 11 7 9 8 9 6 9 7 10 8 9 6 12 7 12 8 12 
9 6 11 7 10 8 9 6 9 7 9 8 10 6 11 7 12 8 12 
15 6 10 7 10 8 10 6 10 7 10 8 10 6 9 7 9 8 10 6 9 7 9 8 9 6 12 7 12 8 12 
15 6 11 7 11 8 9 6 10 7 9 8 9 6 10 7 9 8 9 6 10 7 9 8 11 6 9 7 12 8 12 
9 6 11 7 11 8 10 6 9 7 10 8 9 6 12 7 12 8 12 
6 6 11 7 10 8 10 6 12 7 12 8 12 
12 6 11 7 10 8 11 6 11 7 10 8 10 6 9 7 9 8 11 6 9 7 9 8 12 
6 6 10 7 9 8 12 6 12 7 12 8 12 
15 6 11 7 10 8 10 6 9 7 9 8 10 6 10 7 11 8 11 6 9 7 10 8 10 6 10 7 12 8 12 
9 6 11 7 9 8 10 6 10 7 10 8 9 6 12 7 12 8 12 
6 6 11 7 9 8 9 6 12 7 12 8 12 
9 6 11 7 9 8 9 6 10 7 10 8 9 6 12 7 12 8 12 
15 6 11 7 10 8 10 6 10 7 9 8 10 6 10 7 10 8 9 6 9 7 9 8 9 6 11 7 12 8 12 
18 6 11 7 10 8 9 6 10 7 10 8 9 6 9 7 10 8 9 6 9 7 10 8 10 6 10 7 10 8 11 6 9 7 9 8 12 
6 6 10 7 10 8 9 6 12 7 12 8 12 
6 6 10 7 9 8 10 6 12 7 12 8 12 
12 6 11 7 10 8 10 6 10 7 10 8 9 6 10 7 9 8 12 6 12 7 12 8 12 
21 6 10 7 10 8 10 6 10 7 10 8 9 6 10 7 10 8 9 6 11 7 9 8 10 6 11 7 11 8 10 6 9 7 9 8 9 6 9 7 12 8 12 
6 6 11 7 10 8 11 6 9 7 12 8 12 
15 6 11 7 10 8 10 6 10 7 10 8 11 6 10 7 10 8 9 6 10 7 10 8 9 6 10 7 9 8 12 
9 6 10 7 9 8 11 6 10 7 9 8 9 6 12 7 12 8 12 
15 6 11 7 11 8 9 6 11 7 9 8 10 6 11 7 10 8 11 6 10 7 9 8 12 6 12 7 12 8 12 
6 6 11 7 9 8 9 6 9 7 12 8 12 
6 6 10 7 9 8 12 6 12 7 12 8 12 
30 6 11 7 11 8 11 6 10 7 9 8 10 6 9 7 9 8 9 6 9 7 10 8 11 6 9 7 11 8 11 6 10 7 9 8 9 6 10 7 10 8 10 6 9 7 11 8 9 6 11 7 9 8 9 6 12 7 12 8 12 
15 6 10 7 10 8 10 6 11 7 10 8 11 6 11 7 10 8 9 6 10 7 9 8 9 6 9 7 12 8 12 
12 6 11 7 10 8 9 6 9 7 10 8 11 6 9 7 9 8 12 6 12 7 12 8 12 
27 6 11 7 11 8 11 6 10 7 10 8 9 6 10 7 10 8 11 6 11 7 9 8 10 6 11 7 11 8 11 6 11 7 11 8 10 6 9 7 9 8 11 6 10 7 9 8 12 6 12 7 12 8 12 
27 6 11 7 11 8 9 6 9 7 10 8 11 6 11 7 10 8 9 6 10 7 11 8 11 6 10 7 10 8 10 6 10 7 9 8 9 6 9 7 11 8 9 6 9 7 11 8 9 6 10 7 9 8 12 
15 6 11 7 9 8 11 6 11 7 9 8 9 6 10 7 10 8 11 6 11 7 11 8 9 6 9 7 12 8 12 
9 6 11 7 10 8 11 6 10 7 9 8 12 6 12 7 12 8 12 
6 6 11 7 9 8 12 6 12 7 12 8 12 
6 6 11 7 10 8 10 6 10 7 12 8 12 
21 6 11 7 11 8 11 6 10 7 9 8 11 6 10 7 10 8 9 6 9 7 10 8 10 6 9 7 10 8 10 6 10 7 9 8 9 6 12 7 12 8 12 
15 6 10 7 11 8 11 6 11 7 10 8 10 6 9 7 11 8 11 6 11 7 10 8 9 6 12 7 12 8 12 
6 6 10 7 9 8 9 6 12 7 12 8 12 
12 6 10 7 10 8 9 6 10 7 10 8 9 6 9 7 9 8 12 6 12 7 12 8 12 
39 6 11 7 10 8 11 6 9 7 9 8 10 6 10 7 10 8 11 6 9 7 9 8 9 6 10 7 10 8 11 6 11 7 10 8 10 6 10 7 10 8 10 6 9 7 10 8 11 6 9 7 9 8 10 6 11 7 11 8 11 6 9 7 10 8 9 6 11 7 9 8 10 6 11 7 12 8 12 
6 6 10 7 9 8 12 6 12 7 12 8 12 
12 6 10 7 11 8 10 6 10 7 10 8 10 6 10 7 10 8 10 6 9 7 12 8 12 
27 6 11 7 9 8 9 6 10 7 10 8 9 6 10 7 10 8 10 6 10 7 9 8 11 6 10 7 11 8 10 6 11 7 9 8 9 6 10 7 10 8 11 6 10 7 9 8 9 6 12 7 12 8 12 
15 6 10 7 9 8 9 6 10 7 9 8 9 6 11 7 11 8 9 6 10 7 10 8 11 6 10 7 12 8 12 
12 6 10 7 11 8 11 6 9 7 10 8 10 6 10 7 10 8 12 6 12 7 12 8 12 
9 6 11 7 9 8 10 6 9 7 9 8 9 6 12 7 12 8 12 
24 6 11 7 11 8 11 6 11 7 11 8 11 6 11 7 9 8 10 6 9 7 9 8 10 6 11 7 10 8 10 6 10 7 11 8 11 6 9 7 10 8 12 6 12 7 12 8 12 
39 6 11 7 9 8 11 6 10 7 10 8 9 6 9 7 9 8 11 6 11 7 11 8 9 6 11 7 10 8 11 6 10 7 11 8 11 6 9 7 10 8 10 6 9 7 10 8 11 6 10 7 10 8 10 6 10 7 9 8 11 6 9 7 10 8 11 6 11 7 10 8 9 6 11 7 12 8 12 
24 6 11 7 11 8 9 6 11 7 9 8 10 6 11 7 11 8 11 6 10 7 9 8 9 6 11 7 11 8 11 6 9 7 10 8 10 6 10 7 10 8 9 6 11 7 12 8 12 
6 6 11 7 9 8 9 6 12 7 12 8 12 
12 6 11 7 9 8 9 6 10 7 10 8 9 6 11 7 11 8 11 6 9 7 9 8 12 
9 6 11 7 11 8 10 6 10 7 11 8 9 6 11 7 12 8 12 
9 6 11 7 10 8 11 6 10 7 9 8 9 6 12 7 12 8 12 
21 6 11 7 10 8 9 6 11 7 10 8 9 6 9 7 10 8 9 6 11 7 9 8 11 6 11 7 10 8 10 6 10 7 10 8 12 6 12 7 12 8 12 
21 6 11 7 10 8 11 6 10 7 9 8 10 6 11 7 9 8 9 6 10 7 9 8 9 6 10 7 10 8 9 6 11 7 10 8 9 6 10 7 9 8 12 
9 6 11 7 10 8 11 6 9 7 10 8 10 6 9 7 12 8 12 
18 6 10 7 10 8 11 6 10 7 10 8 9 6 9 7 9 8 10 6 9 7 10 8 10 6 11 7 9 8 9 6 9 7 9 8 12 
6 6 10 7 10 8 9 6 11 7 12 8 12 
6 6 11 7 10 8 12 6 12 7 12 8 12 
6 6 10 7 9 8 12 6 12 7 12 8 12 
9 6 11 7 10 8 10 6 10 7 10 8 12 6 12 7 12 8 12 
12 6 11 7 10 8 9 6 10 7 10 8 9 6 10 7 10 8 12 6 12 7 12 8 12 
9 6 11 7 9 8 10 6 10 7 9 8 10 6 11 7 12 8 12 
12 6 10 7 9 8 10 6 10 7 10 8 10 6 11 7 10 8 12 6 12 7 12 8 12 
6 6 11 7 9 8 10 6 9 7 9 8 12 
18 6 11 7 11 8 11 6 10 7 10 8 9 6 10 7 10 8 10 6 10 7 9 8 9 6 9 7 10 8 9 6 12 7 12 8 12 
15 6 11 7 10 8 10 6 10 7 9 8 9 6 11 7 10 8 9 6 10 7 11 8 9 6 12 7 12 8 12 
9 6 10 7 10 8 11 6 11 7 9 8 11 6 9 7 9 8 12 
12 6 11 7 10 8 9 6 9 7 10 8 11 6 11 7 10 8 9 6 10 7 9 8 12 
12 6 11 7 9 8 11 6 11 7 10 8 11 6 11 7 11 8 10 6 9 7 12 8 12 
15 6 10 7 10 8 10 6 11 7 10 8 9 6 11 7 10 8 11 6 11 7 9 8 9 6 11 7 12 8 12 
15 6 10 7 10 8 10 6 9 7 10 8 9 6 10 7 9 8 9 6 10 7 10 8 9 6 11 7 12 8 12 
36 6 10 7 10 8 10 6 10 7 10 8 11 6 10 7 11 8 10 6 9 7 10 8 11 6 11 7 11 8 11 6 10 7 10 8 11 6 11 7 9 8 10 6 10 7 10 8 10 6 9 7 9 8 9 6 10 7 10 8 10 6 10 7 9 8 9 6 12 7 12 8 12 
15 6 10 7 11 8 10 6 10 7 10 8 9 6 9 7 10 8 11 6 11 7 9 8 11 6 9 7 12 8 12 
12 6 10 7 10 8 10 6 11 7 10 8 10 6 11 7 10 8 10 6 9 7 12 8 12 
6 6 11 7 11 8 10 6 10 7 9 8 12 
6 6 11 7 11 8 9 6 12 7 12 8 12 
6 6 11 7 11 8 9 6 10 7 9 8 12 
18 6 10 7 10 8 10 6 11 7 9 8 11 6 9 7 10 8 9 6 10 7 9 8 10 6 10 7 9 8 9 6 12 7 12 8 12 
12 6 11 7 11 8 11 6 10 7 9 8 11 6 9 7 10 8 12 6 12 7 12 8 12 
15 6 11 7 10 8 11 6 9 7 10 8 10 6 11 7 11 8 10 6 10 7 9 8 9 6 12 7 12 8 12 
21 6 11 7 11 8 9 6 9 7 10 8 11 6 9 7 10 8 10 6 10 7 10 8 10 6 9 7 10 8 9 6 9 7 10 8 9 6 11 7 12 8 12 
9 6 11 7 11 8 9 6 9 7 10 8 10 6 12 7 12 8 12 
6 6 10 7 9 8 9 6 11 7 12 8 12 
18 6 10 7 11 8 10 6 9 7 10 8 9 6 10 7 10 8 11 6 11 7 10 8 11 6 10 7 10 8 9 6 11 7 12 8 12 
9 6 10 7 10 8 11 6 9 7 9 8 9 6 9 7 12 8 12 
9 6 11 7 10 8 9 6 10 7 10 8 9 6 12 7 12 8 12 
9 6 11 7 10 8 11 6 10 7 9 8 10 6 11 7 12 8 12 
12 6 11 7 10 8 11 6 11 7 11 8 10 6 11 7 9 8 9 6 12 7 12 8 12 
15 6 10 7 10 8 9 6 9 7 10 8 10 6 11 7 11 8 10 6 11 7 9 8 9 6 12 7 12 8 12 
9 6 11 7 11 8 10 6 10 7 9 8 10 6 12 7 12 8 12 
6 6 11 7 9 8 9 6 12 7 12 8 12 
6 6 11 7 9 8 9 6 12 7 12 8 12 
6 6 10 7 10 8 11 6 9 7 12 8 12 
33 6 11 7 9 8 10 6 10 7 10 8 9 6 11 7 10 8 10 6 11 7 10 8 9 6 9 7 10 8 9 6 10 7 10 8 11 6 10 7 10 8 11 6 9 7 10 8 11 6 11 7 9 8 9 6 10 7 9 8 9 6 12 7 12 8 12 
9 6 10 7 10 8 10 6 10 7 9 8 12 6 12 7 12 8 12 
18 6 10 7 9 8 9 6 11 7 10 8 11 6 9 7 10 8 10 6 11 7 10 8 9 6 9 7 10 8 12 6 12 7 12 8 12 
9 6 11 7 10 8 9 6 9 7 9 8 12 6 12 7 12 8 12 
24 6 11 7 10 8 10 6 10 7 11 8 9 6 11 7 10 8 10 6 9 7 10 8 10 6 11 7 10 8 9 6 9 7 9 8 11 6 9 7 9 8 10 6 9 7 9 8 12 
6 6 11 7 10 8 11 6 9 7 12 8 12 
9 6 11 7 10 8 11 6 11 7 10 8 10 6 11 7 12 8 12 
9 6 11 7 10 8 10 6 9 7 9 8 12 6 12 7 12 8 12 
6 6 11 7 11 8 9 6 11 7 12 8 12 
12 6 10 7 9 8 10 6 9 7 9 8 9 6 10 7 9 8 9 6 11 7 12 8 12 
9 6 11 7 10 8 10 6 11 7 10 8 10 6 12 7 12 8 12 
6 6 10 7 9 8 12 6 12 7 12 8 12 
21 6 11 7 10 8 9 6 9 7 9 8 11 6 11 7 11 8 11 6 10 7 10 8 11 6 11 7 9 8 11 6 11 7 10 8 11 6 9 7 12 8 12 
12 6 11 7 11 8 11 6 10 7 10 8 10 6 9 7 10 8 9 6 11 7 12 8 12 
6 6 11 7 9 8 12 6 12 7 12 8 12 
9 6 10 7 9 8 9 6 10 7 10 8 9 6 12 7 12 8 12 
24 6 10 7 10 8 11 6 10 7 11 8 9 6 10 7 10 8 10 6 9 7 10 8 10 6 11 7 10 8 9 6 9 7 10 8 9 6 10 7 9 8 9 6 12 7 12 8 12 
6 6 11 7 9 8 9 6 12 7 12 8 12 
9 6 11 7 9 8 9 6 11 7 11 8 9 6 9 7 12 8 12 
12 6 11 7 10 8 10 6 9 7 9 8 10 6 10 7 10 8 10 6 9 7 9 8 12 
18 6 11 7 10 8 11 6 9 7 10 8 11 6 10 7 11 8 10 6 11 7 10 8 9 6 11 7 11 8 10 6 12 7 12 8 12 
18 6 10 7 10 8 9 6 11 7 11 8 9 6 10 7 11 8 9 6 9 7 10 8 9 6 11 7 10 8 9 6 11 7 12 8 12 
18 6 11 7 11 8 9 6 9 7 11 8 11 6 11 7 9 8 9 6 10 7 10 8 10 6 10 7 10 8 9 6 10 7 12 8 12 
18 6 10 7 10 8 9 6 10 7 10 8 11 6 10 7 9 8 10 6 10 7 11 8 9 6 10 7 10 8 9 6 12 7 12 8 12 
9 6 11 7 11 8 9 6 9 7 10 8 12 6 12 7 12 8 12 
24 6 11 7 9 8 11 6 9 7 10 8 9 6 11 7 9 8 11 6 10 7 10 8 10 6 10 7 10 8 10 6 11 7 10 8 11 6 11 7 9 8 10 6 9 7 9 8 12 
15 6 10 7 10 8 11 6 11 7 10 8 9 6 9 7 10 8 11 6 10 7 10 8 9 6 9 7 9 8 12 
9 6 10 7 10 8 10 6 10 7 10 8 10 6 9 7 12 8 12 
12 6 11 7 10 8 9 6 9 7 10 8 9 6 10 7 9 8 9 6 9 7 9 8 12 
9 6 11 7 10 8 11 6 9 7 10 8 9 6 12 7 12 8 12 
21 6 11 7 11 8 11 6 11 7 9 8 9 6 10 7 9 8 10 6 10 7 10 8 10 6 11 7 9 8 10 6 10 7 9 8 12 6 12 7 12 8 12 
21 6 11 7 10 8 11 6 9 7 9 8 9 6 9 7 10 8 11 6 10 7 10 8 10 6 10 7 9 8 10 6 11 7 9 8 9 6 12 7 12 8 12 
21 6 11 7 10 8 9 6 9 7 9 8 10 6 11 7 10 8 10 6 11 7 10 8 9 6 10 7 10 8 10 6 9 7 10 8 11 6 9 7 9 8 12 
6 6 10 7 10 8 11 6 9 7 9 8 12 
9 6 11 7 10 8 9 6 9 7 10 8 12 6 12 7 12 8 12 
12 6 11 7 9 8 10 6 11 7 10 8 10 6 11 7 10 8 9 6 11 7 12 8 12 
27 6 11 7 10 8 11 6 9 7 10 8 11 6 11 7 10 8 11 6 11 7 10 8 10 6 11 7 10 8 10 6 9 7 9 8 9 6 10 7 10 8 9 6 9 7 9 8 9 6 12 7 12 8 12 
9 6 11 7 10 8 11 6 9 7 9 8 9 6 12 7 12 8 12 
18 6 11 7 9 8 9 6 10 7 9 8 9 6 10 7 11 8 11 6 10 7 9 8 10 6 11 7 10 8 12 6 12 7 12 8 12 
9 6 10 7 10 8 9 6 9 7 10 8 9 6 11 7 12 8 12 
12 6 10 7 11 8 10 6 10 7 9 8 9 6 11 7 9 8 11 6 9 7 12 8 12 
18 6 11 7 11 8 9 6 9 7 9 8 9 6 10 7 10 8 11 6 10 7 10 8 10 6 10 7 9 8 12 6 12 7 12 8 12 
12 6 11 7 10 8 10 6 10 7 11 8 11 6 11 7 11 8 10 6 12 7 12 8 12 
9 6 11 7 11 8 11 6 9 7 9 8 9 6 12 7 12 8 12 
33 6 11 7 11 8 11 6 9 7 9 8 10 6 9 7 10 8 9 6 9 7 10 8 10 6 10 7 10 8 10 6 11 7 11 8 9 6 9 7 10 8 9 6 9 7 10 8 10 6 11 7 9 8 10 6 10 7 9 8 9 6 12 7 12 8 12 
9 6 10 7 11 8 11 6 11 7 10 8 10 6 12 7 12 8 12 
9 6 10 7 9 8 9 6 9 7 10 8 9 6 9 7 9 8 12 
9 6 11 7 10 8 11 6 10 7 9 8 9 6 12 7 12 8 12 
12 6 11 7 10 8 9 6 9 7 10 8 9 6 11 7 9 8 11 6 9 7 9 8 12 
6 6 11 7 9 8 9 6 11 7 12 8 12 
9 6 10 7 10 8 9 6 11 7 9 8 9 6 12 7 12 8 12 
6 6 11 7 10 8 9 6 12 7 12 8 12 
12 6 11 7 9 8 9 6 10 7 10 8 9 6 9 7 10 8 9 6 11 7 12 8 12 
9 6 10 7 9 8 9 6 10 7 9 8 10 6 9 7 12 8 12 
15 6 11 7 10 8 9 6 9 7 10 8 10 6 11 7 11 8 9 6 9 7 9 8 9 6 11 7 12 8 12 
15 6 11 7 10 8 11 6 10 7 10 8 9 6 10 7 10 8 11 6 10 7 9 8 9 6 11 7 12 8 12 
9 6 11 7 9 8 10 6 9 7 9 8 9 6 12 7 12 8 12 
12 6 11 7 10 8 10 6 11 7 10 8 9 6 9 7 10 8 10 6 11 7 12 8 12 
21 6 11 7 11 8 11 6 11 7 10 8 9 6 9 7 9 8 11 6 10 7 10 8 9 6 9 7 10 8 11 6 10 7 9 8 12 6 12 7 12 8 12 
15 6 11 7 9 8 9 6 10 7 9 8 10 6 9 7 9 8 9 6 11 7 11 8 10 6 9 7 9 8 12 
9 6 11 7 10 8 11 6 11 7 11 8 9 6 11 7 12 8 12 
18 6 11 7 10 8 11 6 11 7 10 8 9 6 11 7 11 8 10 6 10 7 9 8 9 6 9 7 10 8 9 6 9 7 12 8 12 
9 6 11 7 10 8 11 6 11 7 10 8 11 6 9 7 9 8 12 
24 6 10 7 10 8 9 6 11 7 10 8 11 6 10 7 10 8 11 6 9 7 10 8 10 6 10 7 9 8 10 6 11 7 10 8 9 6 10 7 9 8 9 6 11 7 12 8 12 
12 6 11 7 10 8 10 6 9 7 10 8 9 6 9 7 9 8 9 6 12 7 12 8 12 
27 6 10 7 11 8 9 6 10 7 9 8 11 6 10 7 11 8 11 6 10 7 10 8 11 6 10 7 10 8 10 6 11 7 10 8 11 6 10 7 9 8 9 6 11 7 10 8 11 6 9 7 12 8 12 
36 6 11 7 11 8 11 6 11 7 9 8 9 6 10 7 9 8 9 6 10 7 11 8 10 6 9 7 9 8 9 6 10 7 11 8 11 6 10 7 10 8 9 6 11 7 9 8 10 6 10 7 10 8 11 6 10 7 9 8 9 6 10 7 9 8 9 6 9 7 9 8 12 
6 6 10 7 9 8 10 6 12 7 12 8 12 
6 6 11 7 11 8 9 6 9 7 12 8 12 
12 6 10 7 11 8 10 6 9 7 10 8 9 6 11 7 10 8 9 6 11 7 12 8 12 
9 6 11 7 11 8 11 6 11 7 9 8 9 6 12 7 12 8 12 
33 6 11 7 10 8 10 6 11 7 11 8 10 6 9 7 9 8 10 6 11 7 11 8 9 6 10 7 10 8 9 6 10 7 10 8 10 6 9 7 9 8 10 6 10 7 9 8 10 6 11 7 9 8 9 6 9 7 9 8 9 6 12 7 12 8 12 
6 6 10 7 10 8 9 6 12 7 12 8 12 
9 6 11 7 9 8 9 6 9 7 10 8 9 6 11 7 12 8 12 
15 6 10 7 10 8 11 6 10 7 9 8 10 6 9 7 10 8 9 6 9 7 10 8 12 6 12 7 12 8 12 
18 6 11 7 11 8 9 6 10 7 9 8 10 6 9 7 9 8 9 6 9 7 9 8 9 6 9 7 10 8 10 6 9 7 12 8 12 
12 6 10 7 9 8 10 6 9 7 10 8 11 6 9 7 10 8 11 6 9 7 12 8 12 
30 6 10 7 10 8 9 6 10 7 9 8 9 6 10 7 11 8 11 6 11 7 11 8 9 6 11 7 11 8 9 6 9 7 10 8 9 6 11 7 10 8 11 6 10 7 10 8 11 6 10 7 9 8 9 6 11 7 12 8 12 
15 6 10 7 11 8 10 6 11 7 9 8 11 6 10 7 11 8 10 6 11 7 10 8 11 6 9 7 9 8 12 
15 6 11 7 10 8 11 6 11 7 11 8 10 6 9 7 10 8 11 6 11 7 10 8 10 6 10 7 12 8 12 
9 6 10 7 9 8 9 6 10 7 10 8 11 6 10 7 12 8 12 
9 6 11 7 11 8 9 6 10 7 10 8 9 6 9 7 12 8 12 
12 6 10 7 10 8 11 6 11 7 10 8 9 6 9 7 10 8 11 6 9 7 9 8 12 
6 6 10 7 9 8 10 6 9 7 12 8 12 
6 6 11 7 11 8 9 6 12 7 12 8 12 
21 6 11 7 10 8 10 6 10 7 10 8 9 6 10 7 9 8 10 6 9 7 9 8 9 6 9 7 10 8 10 6 9 7 10 8 9 6 9 7 9 8 12 
18 6 10 7 11 8 10 6 9 7 10 8 11 6 10 7 9 8 10 6 11 7 11 8 10 6 11 7 10 8 9 6 9 7 9 8 12 
9 6 11 7 11 8 11 6 10 7 10 8 9 6 12 7 12 8 12 
9 6 10 7 10 8 11 6 11 7 10 8 10 6 11 7 12 8 12 
9 6 11 7 10 8 11 6 11 7 9 8 12 6 12 7 12 8 12 
9 6 11 7 10 8 11 6 10 7 11 8 9 6 10 7 9 8 12 
12 6 11 7 10 8 11 6 11 7 10 8 10 6 11 7 10 8 9 6 12 7 12 8 12 
6 6 11 7 11 8 10 6 9 7 12 8 12 
30 6 11 7 10 8 9 6 9 7 9 8 10 6 10 7 9 8 9 6 9 7 10 8 10 6 11 7 10 8 10 6 10 7 9 8 10 6 10 7 10 8 11 6 10 7 11 8 9 6 10 7 9 8 12 6 12 7 12 8 12 
21 6 11 7 10 8 10 6 10 7 11 8 11 6 9 7 9 8 9 6 10 7 9 8 11 6 9 7 11 8 11 6 11 7 11 8 11 6 9 7 12 8 12 
6 6 10 7 9 8 12 6 12 7 12 8 12 
12 6 11 7 10 8 9 6 9 7 9 8 9 6 10 7 10 8 9 6 9 7 9 8 12 
6 6 11 7 10 8 9 6 12 7 12 8 12 
21 6 11 7 9 8 9 6 10 7 10 8 11 6 11 7 11 8 11 6 10 7 10 8 9 6 9 7 9 8 9 6 9 7 9 8 10 6 9 7 9 8 12 
9 6 11 7 10 8 9 6 10 7 10 8 9 6 12 7 12 8 12 
12 6 10 7 10 8 11 6 11 7 10 8 10 6 9 7 9 8 9 6 12 7 12 8 12 
15 6 11 7 10 8 11 6 9 7 10 8 9 6 10 7 10 8 10 6 10 7 10 8 10 6 12 7 12 8 12 
15 6 11 7 10 8 10 6 10 7 10 8 9 6 10 7 11 8 10 6 11 7 9 8 12 6 12 7 12 8 12 
30 6 10 7 11 8 11 6 10 7 11 8 11 6 11 7 9 8 9 6 10 7 10 8 11 6 10 7 9 8 9 6 10 7 10 8 10 6 9 7 10 8 11 6 11 7 10 8 9 6 9 7 10 8 9 6 12 7 12 8 12 
24 6 10 7 10 8 11 6 11 7 9 8 10 6 10 7 10 8 10 6 10 7 9 8 10 6 10 7 9 8 9 6 9 7 10 8 11 6 10 7 9 8 12 6 12 7 12 8 12 
9 6 11 7 11 8 11 6 10 7 10 8 11 6 10 7 9 8 12 
12 6 11 7 9 8 9 6 10 7 10 8 11 6 10 7 10 8 12 6 12 7 12 8 12 
9 6 11 7 11 8 9 6 10 7 10 8 9 6 11 7 12 8 12 
6 6 11 7 10 8 10 6 9 7 12 8 12 
15 6 11 7 10 8 10 6 10 7 10 8 11 6 11 7 11 8 9 6 10 7 11 8 11 6 9 7 9 8 12 
6 6 10 7 9 8 9 6 12 7 12 8 12 
12 6 11 7 9 8 10 6 10 7 10 8 11 6 10 7 9 8 12 6 12 7 12 8 12 
24 6 10 7 10 8 10 6 11 7 10 8 11 6 10 7 9 8 10 6 10 7 10 8 10 6 10 7 10 8 9 6 10 7 11 8 9 6 9 7 10 8 9 6 12 7 12 8 12 
12 6 10 7 10 8 9 6 10 7 9 8 10 6 11 7 11 8 9 6 12 7 12 8 12 
6 6 11 7 9 8 9 6 11 7 12 8 12 
6 6 11 7 10 8 10 6 11 7 12 8 12 
9 6 10 7 10 8 11 6 10 7 9 8 9 6 11 7 12 8 12 
6 6 10 7 9 8 10 6 9 7 12 8 12 
9 6 10 7 10 8 11 6 10 7 10 8 9 6 12 7 12 8 12 
39 6 11 7 10 8 11 6 11 7 9 8 9 6 10 7 11 8 10 6 10 7 10 8 11 6 9 7 10 8 10 6 11 7 11 8 10 6 11 7 11 8 10 6 11 7 11 8 11 6 11 7 11 8 9 6 9 7 10 8 11 6 9 7 9 8 9 6 9 7 10 8 12 6 12 7 12 8 12 
9 6 11 7 11 8 10 6 10 7 9 8 9 6 9 7 9 8 12 
6 6 11 7 9 8 12 6 12 7 12 8 12 
24 6 10 7 11 8 11 6 11 7 9 8 10 6 10 7 11 8 10 6 11 7 11 8 11 6 11 7 9 8 10 6 11 7 10 8 11 6 10 7 10 8 10 6 9 7 12 8 12 
12 6 10 7 11 8 11 6 10 7 9 8 11 6 11 7 11 8 11 6 9 7 12 8 12 
6 6 11 7 11 8 9 6 9 7 12 8 12 
12 6 11 7 10 8 11 6 10 7 9 8 9 6 10 7 10 8 10 6 9 7 9 8 12 
9 6 10 7 11 8 11 6 11 7 9 8 9 6 12 7 12 8 12 
27 6 10 7 10 8 9 6 9 7 10 8 9 6 11 7 10 8 10 6 10 7 9 8 10 6 9 7 9 8 10 6 9 7 9 8 10 6 11 7 11 8 10 6 9 7 10 8 9 6 12 7 12 8 12 
6 6 11 7 9 8 12 6 12 7 12 8 12 
24 6 11 7 9 8 9 6 11 7 10 8 10 6 9 7 10 8 11 6 10 7 10 8 11 6 11 7 10 8 10 6 10 7 9 8 9 6 11 7 9 8 9 6 12 7 12 8 12 
12 6 11 7 9 8 11 6 9 7 10 8 11 6 11 7 9 8 9 6 12 7 12 8 12 
9 6 11 7 10 8 11 6 9 7 9 8 9 6 12 7 12 8 12 
6 6 11 7 9 8 12 6 12 7 12 8 12 
6 6 11 7 9 8 9 6 10 7 12 8 12 
12 6 11 7 11 8 10 6 10 7 10 8 10 6 11 7 10 8 10 6 10 7 12 8 12 
6 6 11 7 11 8 9 6 12 7 12 8 12 
9 6 11 7 9 8 9 6 11 7 11 8 10 6 12 7 12 8 12 
12 6 10 7 11 8 11 6 10 7 10 8 9 6 10 7 10 8 12 6 12 7 12 8 12 
12 6 10 7 11 8 10 6 9 7 11 8 11 6 10 7 10 8 9 6 12 7 12 8 12 
18 6 11 7 10 8 11 6 11 7 11 8 11 6 11 7 9 8 11 6 10 7 10 8 9 6 10 7 10 8 12 6 12 7 12 8 12 
21 6 11 7 10 8 9 6 9 7 10 8 10 6 9 7 10 8 9 6 11 7 11 8 11 6 10 7 11 8 11 6 11 7 9 8 9 6 10 7 12 8 12 
9 6 11 7 10 8 9 6 11 7 10 8 9 6 10 7 12 8 12 
6 6 11 7 9 8 9 6 12 7 12 8 12 
9 6 10 7 10 8 11 6 11 7 11 8 11 6 10 7 12 8 12 
21 6 11 7 9 8 11 6 11 7 10 8 9 6 10 7 9 8 9 6 10 7 10 8 9 6 10 7 10 8 9 6 9 7 9 8 10 6 12 7 12 8 12 
21 6 11 7 10 8 10 6 11 7 10 8 11 6 10 7 10 8 9 6 11 7 10 8 10 6 10 7 11 8 11 6 9 7 9 8 9 6 12 7 12 8 12 
15 6 10 7 11 8 10 6 11 7 10 8 11 6 9 7 9 8 11 6 11 7 9 8 9 6 12 7 12 8 12 
9 6 11 7 9 8 9 6 11 7 11 8 10 6 12 7 12 8 12 
12 6 11 7 10 8 11 6 10 7 10 8 11 6 9 7 9 8 9 6 9 7 12 8 12 
12 6 11 7 11 8 9 6 9 7 9 8 9 6 9 7 10 8 9 6 9 7 9 8 12 
15 6 10 7 11 8 10 6 10 7 11 8 11 6 11 7 9 8 9 6 10 7 9 8 9 6 12 7 12 8 12 
6 6 11 7 9 8 10 6 12 7 12 8 12 
21 6 11 7 10 8 10 6 9 7 11 8 10 6 10 7 11 8 10 6 9 7 11 8 9 6 10 7 9 8 9 6 9 7 10 8 12 6 12 7 12 8 12 
9 6 11 7 10 8 10 6 10 7 11 8 10 6 12 7 12 8 12 
27 6 10 7 11 8 11 6 9 7 9 8 11 6 10 7 10 8 11 6 11 7 9 8 10 6 9 7 9 8 11 6 11 7 10 8 11 6 11 7 10 8 11 6 10 7 10 8 9 6 9 7 12 8 12 
45 6 11 7 10 8 10 6 9 7 10 8 10 6 10 7 10 8 10 6 11 7 9 8 11 6 10 7 10 8 10 6 10 7 9 8 11 6 9 7 10 8 9 6 9 7 9 8 9 6 11 7 11 8 9 6 10 7 9 8 9 6 11 7 11 8 11 6 11 7 9 8 9 6 10 7 11 8 11 6 9 7 9 8 9 6 12 7 12 8 12 
6 6 10 7 9 8 10 6 10 7 9 8 12 
6 6 10 7 10 8 9 6 12 7 12 8 12 
6 6 10 7 9 8 12 6 12 7 12 8 12 
15 6 10 7 10 8 10 6 9 7 10 8 10 6 10 7 10 8 9 6 9 7 9 8 9 6 9 7 12 8 12 
6 6 11 7 10 8 10 6 9 7 12 8 12 
6 6 11 7 9 8 10 6 9 7 9 8 12 
9 6 10 7 10 8 11 6 10 7 10 8 10 6 12 7 12 8 12 
24 6 11 7 11 8 9 6 9 7 10 8 10 6 10 7 11 8 10 6 10 7 10 8 10 6 10 7 9 8 10 6 9 7 9 8 11 6 11 7 9 8 10 6 9 7 9 8 12 
15 6 11 7 10 8 10 6 10 7 9 8 10 6 10 7 10 8 9 6 9 7 9 8 9 6 10 7 12 8 12 
6 6 11 7 10 8 9 6 12 7 12 8 12 
9 6 11 7 10 8 11 6 10 7 11 8 9 6 12 7 12 8 12 
21 6 11 7 10 8 11 6 10 7 10 8 11 6 9 7 10 8 9 6 9 7 11 8 10 6 11 7 10 8 10 6 11 7 10 8 9 6 12 7 12 8 12 
39 6 11 7 10 8 11 6 10 7 11 8 9 6 9 7 10 8 11 6 11 7 9 8 9 6 9 7 9 8 11 6 11 7 9 8 10 6 11 7 11 8 9 6 9 7 9 8 10 6 9 7 10 8 9 6 11 7 10 8 11 6 11 7 10 8 11 6 9 7 9 8 9 6 12 7 12 8 12 
21 6 10 7 9 8 9 6 11 7 11 8 10 6 9 7 11 8 11 6 11 7 11 8 9 6 11 7 10 8 9 6 9 7 10 8 9 6 11 7 12 8 12 
9 6 10 7 10 8 10 6 9 7 9 8 9 6 12 7 12 8 12 
9 6 10 7 11 8 11 6 10 7 9 8 10 6 10 7 9 8 12 
6 6 11 7 10 8 9 6 9 7 9 8 12 
18 6 10 7 10 8 9 6 9 7 9 8 11 6 10 7 9 8 9 6 9 7 9 8 11 6 9 7 10 8 10 6 11 7 12 8 12 
9 6 10 7 10 8 11 6 11 7 9 8 9 6 9 7 12 8 12 
9 6 10 7 10 8 10 6 11 7 11 8 9 6 12 7 12 8 12 
21 6 10 7 9 8 11 6 11 7 9 8 10 6 11 7 9 8 9 6 10 7 9 8 10 6 11 7 9 8 9 6 9 7 10 8 9 6 12 7 12 8 12 
6 6 11 7 10 8 9 6 12 7 12 8 12 
6 6 11 7 10 8 9 6 12 7 12 8 12 
6 6 11 7 11 8 10 6 11 7 12 8 12 
15 6 11 7 9 8 9 6 9 7 9 8 9 6 10 7 10 8 10 6 11 7 10 8 10 6 10 7 9 8 12 
12 6 10 7 10 8 11 6 10 7 9 8 10 6 11 7 9 8 9 6 12 7 12 8 12 
42 6 11 7 10 8 10 6 10 7 9 8 9 6 11 7 11 8 10 6 9 7 10 8 10 6 10 7 10 8 11 6 11 7 10 8 11 6 11 7 11 8 10 6 9 7 10 8 10 6 9 7 10 8 11 6 10 7 9 8 11 6 11 7 10 8 10 6 9 7 10 8 9 6 10 7 9 8 12 6 12 7 12 8 12 
12 6 10 7 10 8 9 6 11 7 9 8 9 6 9 7 9 8 12 6 12 7 12 8 12 
21 6 11 7 10 8 10 6 9 7 9 8 9 6 10 7 11 8 10 6 10 7 9 8 11 6 10 7 10 8 11 6 11 7 11 8 9 6 12 7 12 8 12 
18 6 11 7 10 8 10 6 11 7 10 8 11 6 9 7 9 8 11 6 10 7 9 8 9 6 9 7 9 8 9 6 12 7 12 8 12 
15 6 11 7 10 8 9 6 9 7 10 8 9 6 9 7 9 8 9 6 10 7 10 8 9 6 12 7 12 8 12 
6 6 11 7 9 8 9 6 12 7 12 8 12 
27 6 10 7 10 8 11 6 10 7 9 8 10 6 9 7 10 8 11 6 11 7 9 8 9 6 9 7 9 8 9 6 9 7 9 8 10 6 11 7 11 8 11 6 11 7 10 8 11 6 9 7 9 8 12 
9 6 11 7 10 8 11 6 10 7 11 8 9 6 11 7 12 8 12 
6 6 11 7 9 8 9 6 12 7 12 8 12 
9 6 10 7 10 8 9 6 9 7 9 8 9 6 11 7 12 8 12 
18 6 11 7 10 8 10 6 11 7 10 8 10 6 10 7 11 8 10 6 9 7 10 8 9 6 9 7 10 8 10 6 10 7 9 8 12 
9 6 11 7 9 8 9 6 9 7 9 8 9 6 9 7 12 8 12 
9 6 10 7 10 8 10 6 10 7 10 8 9 6 11 7 12 8 12 
6 6 10 7 9 8 9 6 12 7 12 8 12 
6 6 10 7 10 8 11 6 9 7 9 8 12 
18 6 11 7 10 8 11 6 11 7 9 8 10 6 10 7 9 8 9 6 9 7 9 8 11 6 11 7 11 8 11 6 9 7 9 8 12 
15 6 10 7 10 8 10 6 10 7 11 8 10 6 11 7 10 8 10 6 10 7 10 8 9 6 12 7 12 8 12 
12 6 10 7 10 8 9 6 10 7 11 8 9 6 9 7 10 8 9 6 9 7 9 8 12 
21 6 11 7 11 8 10 6 11 7 11 8 9 6 10 7 9 8 9 6 10 7 11 8 11 6 11 7 10 8 10 6 9 7 10 8 9 6 12 7 12 8 12 
30 6 10 7 10 8 11 6 10 7 11 8 10 6 11 7 11 8 9 6 9 7 10 8 9 6 10 7 10 8 10 6 11 7 9 8 9 6 9 7 9 8 9 6 11 7 9 8 11 6 11 7 9 8 9 6 11 7 12 8 12 
6 6 11 7 9 8 10 6 12 7 12 8 12 
24 6 11 7 10 8 11 6 11 7 10 8 11 6 9 7 10 8 11 6 10 7 11 8 9 6 9 7 10 8 11 6 11 7 10 8 11 6 11 7 10 8 12 6 12 7 12 8 12 
6 6 10 7 9 8 9 6 12 7 12 8 12 
9 6 11 7 10 8 11 6 10 7 10 8 9 6 12 7 12 8 12 
18 6 11 7 9 8 9 6 10 7 10 8 9 6 10 7 9 8 9 6 11 7 11 8 11 6 11 7 9 8 9 6 12 7 12 8 12 
15 6 10 7 10 8 10 6 9 7 10 8 9 6 9 7 9 8 10 6 10 7 10 8 11 6 9 7 12 8 12 
45 6 10 7 9 8 9 6 11 7 10 8 11 6 10 7 11 8 10 6 10 7 9 8 10 6 11 7 10 8 10 6 10 7 11 8 11 6 10 7 9 8 10 6 9 7 9 8 9 6 9 7 10 8 11 6 11 7 10 8 11 6 11 7 10 8 11 6 10 7 10 8 11 6 11 7 11 8 9 6 9 7 10 8 9 6 11 7 12 8 12 
6 6 11 7 10 8 9 6 9 7 12 8 12 
12 6 10 7 9 8 9 6 10 7 10 8 10 6 10 7 9 8 9 6 12 7 12 8 12 
33 6 11 7 10 8 11 6 11 7 10 8 10 6 10 7 10 8 9 6 11 7 10 8 11 6 10 7 11 8 10 6 11 7 10 8 9 6 9 7 9 8 10 6 10 7 9 8 9 6 10 7 11 8 11 6 9 7 10 8 9 6 12 7 12 8 12 
21 6 11 7 10 8 10 6 10 7 10 8 10 6 9 7 11 8 11 6 11 7 11 8 11 6 10 7 10 8 9 6 11 7 9 8 9 6 12 7 12 8 12 
6 6 11 7 11 8 9 6 9 7 9 8 12 
12 6 11 7 10 8 9 6 9 7 10 8 9 6 9 7 10 8 9 6 11 7 12 8 12 
9 6 11 7 9 8 9 6 10 7 10 8 9 6 11 7 12 8 12 
6 6 11 7 11 8 9 6 12 7 12 8 12 
9 6 11 7 9 8 10 6 11 7 11 8 9 6 11 7 12 8 12 
9 6 11 7 10 8 11 6 11 7 9 8 12 6 12 7 12 8 12 
21 6 10 7 11 8 10 6 9 7 9 8 9 6 10 7 10 8 10 6 11 7 10 8 11 6 11 7 10 8 9 6 10 7 10 8 12 6 12 7 12 8 12 
15 6 11 7 9 8 10 6 11 7 10 8 9 6 10 7 10 8 11 6 10 7 9 8 9 6 12 7 12 8 12 
6 6 11 7 9 8 9 6 12 7 12 8 12 
9 6 11 7 10 8 10 6 10 7 10 8 10 6 9 7 9 8 12 
9 6 11 7 9 8 9 6 9 7 9 8 12 6 12 7 12 8 12 
6 6 10 7 9 8 12 6 12 7 12 8 12 
9 6 11 7 10 8 10 6 9 7 9 8 12 6 12 7 12 8 12 
12 6 11 7 11 8 11 6 10 7 9 8 9 6 10 7 10 8 9 6 12 7 12 8 12 
18 6 11 7 10 8 10 6 11 7 11 8 11 6 10 7 9 8 9 6 10 7 9 8 9 6 9 7 9 8 9 6 12 7 12 8 12 
6 6 11 7 9 8 10 6 9 7 12 8 12 
6 6 11 7 10 8 10 6 9 7 9 8 12 
6 6 11 7 10 8 10 6 10 7 12 8 12 
9 6 11 7 9 8 10 6 9 7 10 8 12 6 12 7 12 8 12 
15 6 11 7 9 8 10 6 9 7 9 8 10 6 10 7 9 8 10 6 10 7 9 8 9 6 12 7 12 8 12 
9 6 11 7 10 8 10 6 10 7 10 8 9 6 10 7 9 8 12 
6 6 11 7 9 8 9 6 12 7 12 8 12 
12 6 11 7 10 8 10 6 10 7 10 8 10 6 9 7 9 8 9 6 12 7 12 8 12 
9 6 10 7 9 8 10 6 11 7 9 8 10 6 9 7 9 8 12 
15 6 10 7 11 8 11 6 9 7 10 8 10 6 10 7 10 8 9 6 10 7 10 8 10 6 12 7 12 8 12 
12 6 11 7 9 8 10 6 10 7 10 8 11 6 10 7 10 8 9 6 12 7 12 8 12 
12 6 11 7 10 8 9 6 10 7 10 8 11 6 10 7 9 8 10 6 11 7 12 8 12 
6 6 11 7 11 8 9 6 9 7 12 8 12 
9 6 10 7 9 8 11 6 10 7 9 8 9 6 12 7 12 8 12 
12 6 10 7 9 8 9 6 10 7 10 8 10 6 10 7 11 8 10 6 10 7 12 8 12 
21 6 10 7 11 8 11 6 9 7 9 8 9 6 10 7 11 8 9 6 11 7 10 8 10 6 10 7 11 8 11 6 11 7 11 8 10 6 11 7 12 8 12 
9 6 11 7 11 8 11 6 10 7 9 8 9 6 12 7 12 8 12 
12 6 11 7 11 8 10 6 11 7 10 8 11 6 11 7 10 8 9 6 11 7 12 8 12 
6 6 10 7 11 8 9 6 9 7 9 8 12 
15 6 11 7 11 8 11 6 9 7 10 8 10 6 9 7 9 8 9 6 10 7 11 8 9 6 10 7 12 8 12 
6 6 11 7 9 8 9 6 12 7 12 8 12 
6 6 11 7 11 8 9 6 10 7 12 8 12 
12 6 11 7 9 8 10 6 9 7 11 8 9 6 10 7 9 8 9 6 12 7 12 8 12 
21 6 11 7 11 8 10 6 9 7 10 8 10 6 10 7 11 8 10 6 10 7 11 8 10 6 10 7 10 8 10 6 10 7 10 8 12 6 12 7 12 8 12 
6 6 10 7 10 8 9 6 11 7 12 8 12 
24 6 11 7 9 8 10 6 11 7 11 8 10 6 10 7 10 8 10 6 10 7 10 8 9 6 9 7 10 8 9 6 9 7 10 8 9 6 9 7 9 8 9 6 10 7 9 8 12 
18 6 11 7 10 8 11 6 10 7 11 8 9 6 10 7 10 8 10 6 9 7 9 8 9 6 10 7 10 8 9 6 9 7 12 8 12 
30 6 11 7 10 8 9 6 11 7 9 8 9 6 10 7 10 8 11 6 11 7 9 8 9 6 11 7 11 8 10 6 10 7 10 8 11 6 11 7 11 8 11 6 11 7 11 8 9 6 10 7 9 8 9 6 12 7 12 8 12 
9 6 11 7 10 8 11 6 9 7 10 8 9 6 12 7 12 8 12 
9 6 11 7 9 8 11 6 9 7 10 8 12 6 12 7 12 8 12 
12 6 11 7 9 8 9 6 9 7 9 8 11 6 9 7 9 8 9 6 11 7 12 8 12 
6 6 11 7 9 8 12 6 12 7 12 8 12 
9 6 11 7 10 8 11 6 11 7 9 8 9 6 12 7 12 8 12 
15 6 11 7 9 8 9 6 10 7 11 8 11 6 10 7 11 8 9 6 10 7 11 8 10 6 10 7 9 8 12 
9 6 10 7 11 8 10 6 10 7 9 8 9 6 12 7 12 8 12 
15 6 11 7 10 8 9 6 9 7 10 8 11 6 10 7 11 8 11 6 10 7 9 8 9 6 12 7 12 8 12 
9 6 11 7 10 8 10 6 10 7 10 8 11 6 10 7 9 8 12 
6 6 11 7 9 8 12 6 12 7 12 8 12 
9 6 11 7 10 8 10 6 11 7 9 8 9 6 12 7 12 8 12 
6 6 11 7 11 8 9 6 12 7 12 8 12 
12 6 10 7 10 8 10 6 10 7 10 8 10 6 10 7 10 8 9 6 11 7 12 8 12 
6 6 10 7 10 8 9 6 10 7 12 8 12 
21 6 10 7 9 8 10 6 10 7 9 8 9 6 11 7 10 8 11 6 9 7 9 8 11 6 10 7 9 8 10 6 10 7 9 8 9 6 12 7 12 8 12 
9 6 10 7 10 8 10 6 10 7 10 8 12 6 12 7 12 8 12 
18 6 10 7 9 8 11 6 11 7 10 8 9 6 10 7 10 8 11 6 10 7 10 8 11 6 11 7 9 8 12 6 12 7 12 8 12 
6 6 11 7 10 8 9 6 11 7 12 8 12 
6 6 11 7 10 8 9 6 11 7 12 8 12 
33 6 10 7 10 8 9 6 11 7 11 8 11 6 10 7 10 8 11 6 11 7 10 8 10 6 9 7 10 8 11 6 11 7 11 8 11 6 10 7 11 8 10 6 10 7 10 8 11 6 11 7 9 8 9 6 10 7 10 8 9 6 9 7 9 8 12 
18 6 10 7 10 8 10 6 10 7 10 8 11 6 9 7 9 8 10 6 10 7 10 8 9 6 9 7 10 8 10 6 9 7 9 8 12 
6 6 11 7 11 8 10 6 9 7 9 8 12 
6 6 11 7 9 8 12 6 12 7 12 8 12 
6 6 11 7 11 8 10 6 9 7 12 8 12 
33 6 11 7 9 8 10 6 10 7 10 8 11 6 10 7 11 8 10 6 10 7 9 8 10 6 9 7 10 8 11 6 11 7 9 8 9 6 11 7 10 8 11 6 11 7 11 8 10 6 11 7 9 8 10 6 10 7 9 8 12 6 12 7 12 8 12 
6 6 10 7 9 8 9 6 12 7 12 8 12 
6 6 11 7 11 8 9 6 9 7 9 8 12 
6 6 11 7 9 8 9 6 12 7 12 8 12 
9 6 11 7 10 8 9 6 9 7 9 8 9 6 12 7 12 8 12 
42 6 11 7 10 8 10 6 9 7 9 8 9 6 10 7 11 8 11 6 11 7 10 8 9 6 10 7 9 8 11 6 10 7 10 8 11 6 9 7 10 8 9 6 11 7 11 8 10 6 11 7 11 8 10 6 11 7 11 8 11 6 10 7 9 8 9 6 10 7 10 8 11 6 9 7 9 8 11 6 9 7 9 8 12 
15 6 11 7 11 8 9 6 9 7 9 8 9 6 9 7 10 8 9 6 10 7 9 8 12 6 12 7 12 8 12 
6 6 11 7 11 8 9 6 9 7 12 8 12 
6 6 10 7 10 8 9 6 12 7 12 8 12 
27 6 10 7 9 8 9 6 11 7 11 8 11 6 10 7 10 8 9 6 10 7 10 8 9 6 11 7 10 8 11 6 9 7 10 8 10 6 10 7 10 8 10 6 10 7 9 8 9 6 12 7 12 8 12 
15 6 11 7 11 8 10 6 9 7 11 8 9 6 9 7 10 8 9 6 10 7 9 8 9 6 11 7 12 8 12 
15 6 10 7 11 8 10 6 10 7 10 8 9 6 9 7 10 8 11 6 10 7 9 8 9 6 11 7 12 8 12 
15 6 11 7 11 8 9 6 10 7 10 8 11 6 11 7 10 8 9 6 9 7 9 8 9 6 12 7 12 8 12 
6 6 10 7 9 8 9 6 12 7 12 8 12 
6 6 10 7 9 8 12 6 12 7 12 8 12 
18 6 11 7 10 8 10 6 9 7 10 8 11 6 10 7 11 8 10 6 11 7 10 8 11 6 11 7 10 8 9 6 11 7 12 8 12 
18 6 11 7 10 8 9 6 10 7 10 8 11 6 9 7 10 8 10 6 10 7 9 8 11 6 11 7 11 8 11 6 9 7 12 8 12 
24 6 10 7 10 8 9 6 11 7 9 8 9 6 11 7 10 8 11 6 11 7 9 8 9 6 11 7 10 8 11 6 10 7 10 8 11 6 10 7 10 8 9 6 9 7 12 8 12 
15 6 10 7 11 8 10 6 11 7 10 8 11 6 9 7 10 8 9 6 10 7 9 8 9 6 12 7 12 8 12 
57 6 11 7 11 8 11 6 9 7 10 8 10 6 9 7 9 8 11 6 11 7 10 8 10 6 11 7 10 8 9 6 10 7 10 8 10 6 11 7 11 8 11 6 11 7 10 8 10 6 10 7 10 8 11 6 10 7 11 8 10 6 9 7 10 8 9 6 11 7 10 8 9 6 9 7 9 8 10 6 11 7 10 8 10 6 9 7 10 8 10 6 11 7 9 8 9 6 10 7 9 8 11 6 11 7 10 8 9 6 10 7 9 8 12 
6 6 11 7 9 8 12 6 12 7 12 8 12 
18 6 11 7 11 8 11 6 9 7 10 8 10 6 9 7 11 8 11 6 9 7 10 8 11 6 11 7 9 8 12 6 12 7 12 8 12 
12 6 10 7 11 8 10 6 10 7 10 8 10 6 10 7 10 8 9 6 12 7 12 8 12 
18 6 11 7 10 8 10 6 11 7 10 8 11 6 9 7 11 8 11 6 10 7 10 8 9 6 9 7 10 8 10 6 10 7 12 8 12 
6 6 11 7 9 8 11 6 9 7 12 8 12 
18 6 11 7 10 8 9 6 10 7 9 8 9 6 11 7 10 8 11 6 11 7 10 8 10 6 9 7 9 8 9 6 12 7 12 8 12 
6 6 11 7 10 8 9 6 12 7 12 8 12 
18 6 11 7 9 8 9 6 10 7 10 8 10 6 11 7 9 8 11 6 11 7 9 8 9 6 9 7 9 8 9 6 9 7 9 8 12 
15 6 11 7 9 8 11 6 9 7 10 8 9 6 9 7 9 8 10 6 9 7 9 8 9 6 12 7 12 8 12 
6 6 11 7 9 8 9 6 12 7 12 8 12 
18 6 11 7 10 8 11 6 11 7 9 8 10 6 10 7 11 8 11 6 10 7 10 8 11 6 9 7 9 8 9 6 12 7 12 8 12 
12 6 11 7 11 8 10 6 11 7 10 8 9 6 9 7 10 8 9 6 12 7 12 8 12 
18 6 10 7 11 8 9 6 11 7 9 8 11 6 11 7 10 8 11 6 11 7 10 8 11 6 11 7 9 8 9 6 9 7 12 8 12 
6 6 11 7 10 8 9 6 11 7 12 8 12 
6 6 11 7 9 8 9 6 12 7 12 8 12 
6 6 11 7 10 8 11 6 10 7 9 8 12 
12 6 10 7 9 8 11 6 11 7 10 8 10 6 11 7 10 8 9 6 12 7 12 8 12 
12 6 10 7 9 8 10 6 10 7 10 8 9 6 11 7 10 8 9 6 12 7 12 8 12 
12 6 11 7 9 8 10 6 9 7 10 8 9 6 9 7 9 8 9 6 12 7 12 8 12 
9 6 11 7 10 8 9 6 9 7 10 8 9 6 12 7 12 8 12 
18 6 11 7 11 8 9 6 11 7 10 8 9 6 9 7 10 8 9 6 11 7 10 8 10 6 10 7 9 8 10 6 9 7 12 8 12 
24 6 10 7 11 8 11 6 10 7 11 8 10 6 10 7 11 8 11 6 10 7 11 8 9 6 9 7 10 8 10 6 10 7 10 8 11 6 11 7 10 8 9 6 12 7 12 8 12 
9 6 10 7 10 8 10 6 9 7 9 8 9 6 12 7 12 8 12 
18 6 10 7 10 8 10 6 10 7 10 8 10 6 10 7 10 8 10 6 11 7 10 8 11 6 9 7 9 8 9 6 12 7 12 8 12 
21 6 10 7 11 8 9 6 9 7 9 8 9 6 9 7 11 8 10 6 10 7 10 8 9 6 10 7 10 8 11 6 10 7 9 8 9 6 12 7 12 8 12 
24 6 10 7 10 8 11 6 10 7 11 8 10 6 9 7 9 8 10 6 11 7 10 8 10 6 10 7 11 8 11 6 11 7 11 8 10 6 10 7 9 8 10 6 9 7 9 8 12 
9 6 11 7 11 8 10 6 10 7 10 8 10 6 12 7 12 8 12 
15 6 11 7 10 8 10 6 9 7 10 8 9 6 11 7 10 8 11 6 9 7 10 8 9 6 12 7 12 8 12 
6 6 11 7 11 8 10 6 9 7 12 8 12 
6 6 11 7 9 8 12 6 12 7 12 8 12 
12 6 11 7 11 8 11 6 9 7 10 8 10 6 10 7 11 8 10 6 10 7 12 8 12 
9 6 11 7 11 8 11 6 9 7 10 8 11 6 9 7 9 8 12 
12 6 11 7 10 8 9 6 9 7 10 8 11 6 11 7 10 8 9 6 11 7 12 8 12 
15 6 11 7 10 8 11 6 11 7 9 8 9 6 11 7 9 8 11 6 10 7 10 8 9 6 9 7 9 8 12 
6 6 10 7 10 8 9 6 12 7 12 8 12 
18 6 10 7 9 8 10 6 11 7 10 8 9 6 10 7 11 8 10 6 9 7 10 8 10 6 10 7 9 8 9 6 12 7 12 8 12 
9 6 11 7 10 8 11 6 9 7 10 8 12 6 12 7 12 8 12 
33 6 11 7 11 8 11 6 10 7 9 8 9 6 9 7 10 8 10 6 9 7 11 8 11 6 10 7 10 8 11 6 9 7 9 8 10 6 11 7 9 8 10 6 9 7 10 8 10 6 10 7 10 8 9 6 10 7 10 8 12 6 12 7 12 8 12 
9 6 10 7 10 8 9 6 9 7 10 8 10 6 9 7 12 8 12 
12 6 11 7 11 8 11 6 11 7 11 8 9 6 10 7 9 8 12 6 12 7 12 8 12 
42 6 11 7 10 8 9 6 11 7 9 8 10 6 11 7 10 8 9 6 9 7 9 8 11 6 11 7 10 8 11 6 11 7 11 8 11 6 10 7 10 8 11 6 9 7 10 8 10 6 11 7 11 8 11 6 11 7 10 8 10 6 9 7 10 8 10 6 9 7 9 8 10 6 11 7 10 8 10 6 11 7 12 8 12 
21 6 11 7 10 8 11 6 10 7 10 8 11 6 11 7 10 8 11 6 10 7 9 8 9 6 9 7 9 8 10 6 10 7 10 8 10 6 10 7 9 8 12 
9 6 10 7 9 8 10 6 9 7 9 8 12 6 12 7 12 8 12 
12 6 11 7 9 8 10 6 10 7 11 8 11 6 10 7 9 8 9 6 10 7 9 8 12 
6 6 11 7 10 8 10 6 12 7 12 8 12 
12 6 11 7 11 8 11 6 9 7 10 8 11 6 11 7 10 8 9 6 10 7 12 8 12 
6 6 11 7 10 8 9 6 12 7 12 8 12 
15 6 11 7 10 8 9 6 9 7 9 8 11 6 10 7 9 8 10 6 10 7 9 8 9 6 9 7 12 8 12 
9 6 11 7 11 8 10 6 10 7 9 8 9 6 10 7 12 8 12 
9 6 11 7 9 8 11 6 10 7 10 8 9 6 9 7 9 8 12 
27 6 10 7 10 8 9 6 10 7 10 8 10 6 10 7 10 8 11 6 10 7 9 8 9 6 9 7 10 8 9 6 11 7 9 8 11 6 9 7 9 8 9 6 10 7 9 8 9 6 11 7 12 8 12 
12 6 10 7 10 8 10 6 9 7 10 8 10 6 10 7 10 8 9 6 11 7 12 8 12 
21 6 11 7 10 8 11 6 10 7 11 8 11 6 9 7 10 8 10 6 11 7 10 8 11 6 11 7 10 8 11 6 10 7 10 8 9 6 10 7 9 8 12 
9 6 10 7 10 8 9 6 10 7 10 8 10 6 12 7 12 8 12 
18 6 11 7 10 8 11 6 10 7 11 8 11 6 11 7 11 8 10 6 11 7 10 8 10 6 11 7 9 8 9 6 11 7 12 8 12 
6 6 10 7 10 8 9 6 9 7 12 8 12 
6 6 11 7 9 8 12 6 12 7 12 8 12 
6 6 11 7 10 8 11 6 10 7 12 8 12 
12 6 11 7 11 8 10 6 11 7 11 8 10 6 10 7 9 8 12 6 12 7 12 8 12 
6 6 10 7 10 8 9 6 11 7 12 8 12 
6 6 11 7 10 8 12 6 12 7 12 8 12 
6 6 11 7 9 8 9 6 12 7 12 8 12 
6 6 11 7 9 8 12 6 12 7 12 8 12 
42 6 11 7 10 8 10 6 9 7 11 8 11 6 9 7 11 8 11 6 11 7 10 8 10 6 9 7 10 8 10 6 10 7 10 8 11 6 11 7 10 8 9 6 10 7 9 8 11 6 10 7 10 8 11 6 11 7 10 8 9 6 10 7 11 8 10 6 9 7 10 8 10 6 9 7 9 8 9 6 12 7 12 8 12 
15 6 10 7 11 8 9 6 9 7 9 8 11 6 9 7 10 8 11 6 11 7 9 8 9 6 12 7 12 8 12 
9 6 11 7 10 8 9 6 9 7 9 8 10 6 12 7 12 8 12 
9 6 11 7 10 8 11 6 9 7 9 8 9 6 12 7 12 8 12 
18 6 10 7 10 8 11 6 10 7 10 8 10 6 10 7 10 8 11 6 11 7 10 8 11 6 9 7 9 8 12 6 12 7 12 8 12 
15 6 10 7 9 8 11 6 10 7 10 8 9 6 11 7 11 8 10 6 10 7 9 8 12 6 12 7 12 8 12 
21 6 10 7 10 8 11 6 10 7 10 8 10 6 11 7 9 8 11 6 10 7 10 8 11 6 11 7 9 8 11 6 10 7 10 8 9 6 12 7 12 8 12 
9 6 10 7 10 8 11 6 10 7 10 8 10 6 9 7 9 8 12 
15 6 10 7 10 8 11 6 11 7 11 8 10 6 10 7 11 8 11 6 11 7 9 8 9 6 12 7 12 8 12 
30 6 11 7 11 8 11 6 11 7 11 8 11 6 10 7 9 8 11 6 11 7 10 8 10 6 11 7 9 8 9 6 11 7 11 8 9 6 11 7 10 8 9 6 10 7 9 8 10 6 10 7 9 8 9 6 9 7 9 8 12 
15 6 11 7 11 8 11 6 11 7 11 8 9 6 11 7 10 8 9 6 9 7 10 8 10 6 9 7 12 8 12 
6 6 11 7 9 8 9 6 12 7 12 8 12 
24 6 11 7 10 8 9 6 11 7 10 8 11 6 9 7 10 8 9 6 9 7 10 8 11 6 10 7 10 8 9 6 11 7 11 8 11 6 11 7 9 8 9 6 11 7 12 8 12 
6 6 10 7 9 8 10 6 11 7 12 8 12 
6 6 11 7 9 8 9 6 12 7 12 8 12 
15 6 10 7 9 8 9 6 10 7 9 8 10 6 10 7 9 8 11 6 10 7 9 8 12 6 12 7 12 8 12 
18 6 11 7 11 8 10 6 11 7 9 8 11 6 11 7 11 8 9 6 11 7 11 8 9 6 10 7 9 8 9 6 11 7 12 8 12 
12 6 11 7 11 8 11 6 10 7 11 8 9 6 10 7 9 8 9 6 12 7 12 8 12 
9 6 11 7 10 8 11 6 9 7 9 8 10 6 9 7 9 8 12 
12 6 11 7 10 8 9 6 11 7 10 8 9 6 11 7 10 8 9 6 12 7 12 8 12 
9 6 10 7 10 8 11 6 11 7 9 8 9 6 12 7 12 8 12 
21 6 10 7 10 8 9 6 10 7 10 8 10 6 9 7 10 8 10 6 10 7 9 8 10 6 10 7 10 8 9 6 11 7 11 8 9 6 11 7 12 8 12 
6 6 10 7 9 8 9 6 9 7 9 8 12 
6 6 11 7 9 8 9 6 11 7 12 8 12 
6 6 10 7 10 8 10 6 10 7 9 8 12 
6 6 10 7 10 8 9 6 12 7 12 8 12 
78 6 11 7 10 8 11 6 10 7 11 8 10 6 10 7 11 8 11 6 10 7 9 8 11 6 10 7 11 8 11 6 10 7 10 8 10 6 9 7 10 8 9 6 9 7 10 8 9 6 11 7 9 8 10 6 11 7 9 8 10 6 11 7 10 8 10 6 9 7 9 8 11 6 11 7 10 8 11 6 10 7 11 8 11 6 11 7 9 8 9 6 10 7 10 8 10 6 11 7 10 8 9 6 11 7 10 8 10 6 10 7 10 8 10 6 10 7 11 8 10 6 11 7 11 8 10 6 9 7 10 8 9 6 9 7 10 8 10 6 11 7 11 8 11 6 11 7 10 8 9 6 12 7 12 8 12 
6 6 10 7 10 8 9 6 12 7 12 8 12 
6 6 10 7 9 8 11 6 9 7 9 8 12 
9 6 11 7 9 8 9 6 11 7 10 8 9 6 12 7 12 8 12 
6 6 11 7 9 8 10 6 10 7 9 8 12 
15 6 11 7 11 8 11 6 9 7 10 8 10 6 10 7 10 8 11 6 11 7 10 8 11 6 10 7 12 8 12 
9 6 11 7 9 8 9 6 11 7 9 8 9 6 12 7 12 8 12 
12 6 11 7 10 8 9 6 10 7 9 8 9 6 9 7 10 8 9 6 9 7 12 8 12 
9 6 11 7 10 8 11 6 11 7 10 8 11 6 9 7 9 8 12 
12 6 11 7 9 8 10 6 11 7 10 8 9 6 11 7 10 8 10 6 12 7 12 8 12 
18 6 10 7 9 8 9 6 9 7 10 8 9 6 9 7 10 8 9 6 11 7 10 8 10 6 9 7 9 8 9 6 12 7 12 8 12 
24 6 10 7 9 8 9 6 9 7 10 8 10 6 11 7 10 8 9 6 10 7 10 8 11 6 11 7 10 8 11 6 9 7 9 8 10 6 9 7 9 8 9 6 12 7 12 8 12 
9 6 11 7 9 8 10 6 11 7 11 8 9 6 12 7 12 8 12 
18 6 11 7 11 8 11 6 11 7 10 8 11 6 10 7 11 8 11 6 11 7 11 8 11 6 10 7 10 8 9 6 12 7 12 8 12 
15 6 11 7 10 8 10 6 9 7 10 8 11 6 9 7 9 8 9 6 10 7 10 8 11 6 10 7 9 8 12 
9 6 11 7 11 8 11 6 11 7 9 8 9 6 12 7 12 8 12 
6 6 10 7 9 8 12 6 12 7 12 8 12 
12 6 11 7 10 8 10 6 10 7 9 8 10 6 10 7 10 8 10 6 9 7 12 8 12 
18 6 10 7 10 8 9 6 9 7 11 8 9 6 10 7 9 8 9 6 11 7 11 8 11 6 10 7 10 8 12 6 12 7 12 8 12 
6 6 10 7 10 8 9 6 12 7 12 8 12 
18 6 10 7 11 8 9 6 9 7 10 8 11 6 11 7 10 8 10 6 11 7 11 8 11 6 11 7 9 8 9 6 9 7 9 8 12 
12 6 11 7 11 8 9 6 9 7 10 8 10 6 10 7 11 8 9 6 11 7 12 8 12 
15 6 11 7 10 8 10 6 10 7 11 8 10 6 10 7 10 8 11 6 10 7 9 8 12 6 12 7 12 8 12 
27 6 11 7 10 8 11 6 11 7 9 8 10 6 11 7 10 8 10 6 11 7 11 8 11 6 10 7 9 8 11 6 11 7 10 8 9 6 9 7 9 8 10 6 9 7 10 8 9 6 11 7 12 8 12 
21 6 11 7 10 8 10 6 10 7 10 8 11 6 11 7 10 8 9 6 9 7 10 8 11 6 11 7 10 8 10 6 9 7 9 8 12 6 12 7 12 8 12 
6 6 11 7 9 8 9 6 12 7 12 8 12 
6 6 11 7 9 8 10 6 10 7 9 8 12 
9 6 10 7 9 8 9 6 11 7 10 8 9 6 9 7 12 8 12 
15 6 11 7 10 8 9 6 9 7 10 8 10 6 11 7 11 8 11 6 10 7 10 8 9 6 9 7 9 8 12 
9 6 11 7 9 8 9 6 9 7 9 8 12 6 12 7 12 8 12 
6 6 11 7 11 8 9 6 9 7 9 8 12 
9 6 11 7 9 8 9 6 9 7 9 8 12 6 12 7 12 8 12 
9 6 11 7 10 8 11 6 11 7 10 8 10 6 9 7 12 8 12 
9 6 10 7 10 8 11 6 10 7 10 8 12 6 12 7 12 8 12 
9 6 11 7 9 8 11 6 9 7 9 8 9 6 11 7 12 8 12 
9 6 10 7 10 8 10 6 11 7 11 8 10 6 11 7 12 8 12 
24 6 10 7 10 8 10 6 9 7 9 8 10 6 9 7 9 8 10 6 9 7 9 8 11 6 9 7 10 8 9 6 9 7 10 8 11 6 9 7 9 8 9 6 12 7 12 8 12 
12 6 11 7 10 8 10 6 11 7 9 8 10 6 9 7 9 8 10 6 12 7 12 8 12 
6 6 11 7 9 8 12 6 12 7 12 8 12 
18 6 11 7 9 8 10 6 10 7 9 8 10 6 9 7 10 8 11 6 10 7 9 8 10 6 9 7 9 8 9 6 11 7 12 8 12 
12 6 11 7 10 8 10 6 10 7 10 8 10 6 10 7 10 8 11 6 9 7 12 8 12 
6 6 10 7 10 8 9 6 12 7 12 8 12 
9 6 11 7 11 8 9 6 9 7 10 8 9 6 11 7 12 8 12 
6 6 10 7 9 8 9 6 12 7 12 8 12 
21 6 11 7 9 8 9 6 9 7 10 8 11 6 9 7 9 8 11 6 9 7 10 8 9 6 10 7 10 8 10 6 9 7 9 8 9 6 12 7 12 8 12 
51 6 11 7 11 8 11 6 9 7 10 8 10 6 11 7 10 8 10 6 10 7 10 8 11 6 10 7 10 8 11 6 11 7 10 8 11 6 11 7 10 8 11 6 11 7 10 8 11 6 11 7 10 8 9 6 10 7 10 8 11 6 11 7 10 8 10 6 10 7 10 8 9 6 9 7 9 8 11 6 9 7 9 8 9 6 9 7 10 8 9 6 10 7 10 8 12 6 12 7 12 8 12 
24 6 11 7 10 8 10 6 10 7 11 8 11 6 11 7 9 8 11 6 10 7 11 8 9 6 11 7 10 8 10 6 11 7 11 8 9 6 9 7 9 8 9 6 11 7 12 8 12 
